NAME,CALORIES,FAT,ACIDS,CARBOHYDRATES,SUGAR,PROTEIN,SALT,PRICE,PICTUREID,TYPE,PRICE_FULL
Kefīra maize Lielmaize 500g,283.0,3,0.2,51.2,4.9,11,1.1,2.98,"https://rimibaltic-res.cloudinary.com/image/upload/b_white,c_limit,dpr_auto,f_auto,q_auto:low,w_auto/d_ecommerce:backend-fallback.png/MAT_978823_PCE_LV",Maizes produkti,1.49
Sēklu tostermaize bagātīgā 450g,349.9,17.6,2.1,36,4.1,12,1,5.31,"https://rimibaltic-res.cloudinary.com/image/upload/b_white,c_limit,dpr_auto,f_auto,q_auto:low,w_auto/d_ecommerce:backend-fallback.png/MAT_948041_PCE_LV",Maizes produkti,2.39
Rudzu maize Ķelmēni 1/2 sagriezta 460g,276.8,1.5,0.3,54.5,7.8,5.6,0.6,4.33,"https://rimibaltic-res.cloudinary.com/image/upload/b_white,c_limit,dpr_auto,f_auto,q_auto:low,w_auto/d_ecommerce:backend-fallback.png/MAT_211634_PCE_LV",Maizes produkti,1.99
Maize Ciabatta tumšā 320g,258.6,1.1,0.2,50,1.1,10,1.6,3.09,"https://rimibaltic-res.cloudinary.com/image/upload/b_white,c_limit,dpr_auto,f_auto,q_auto:low,w_auto/d_ecommerce:backend-fallback.png/MAT_299585_PCE_LV",Maizes produkti,0.99
Maize Gardā mellā ar saulespuķu sēklām 280g,313.1,10,1.1,46,8.6,9.1,1.1,5.89,"https://rimibaltic-res.cloudinary.com/image/upload/b_white,c_limit,dpr_auto,f_auto,q_auto:low,w_auto/d_ecommerce:backend-fallback.png/MAT_926952_PCE_LV",Maizes produkti,1.65
Ciabatta Izcep pats tumšā 300g,251.0,1,0.2,49.5,0.5,9.1,1.3,4.83,"https://rimibaltic-res.cloudinary.com/image/upload/b_white,c_limit,dpr_auto,f_auto,q_auto:low,w_auto/d_ecommerce:backend-fallback.png/MAT_948764_PCE_LV",Maizes produkti,1.45
Maize Latvijas graudu ar sēklām 500g,324.1,10.1,0.6,43.7,5.4,11.9,1,2.78,"https://rimibaltic-res.cloudinary.com/image/upload/b_white,c_limit,dpr_auto,f_auto,q_auto:low,w_auto/d_ecommerce:backend-fallback.png/MAT_952317_PCE_LV",Maizes produkti,1.39
Tostermaize Rimi pilngraudu 500 g,327.0,4,0.8,55.3,5.7,13.2,1.3,1.78,"https://rimibaltic-res.cloudinary.com/image/upload/b_white,c_limit,dpr_auto,f_auto,q_auto:low,w_auto/d_ecommerce:backend-fallback.png/MAT_809579_PCE_LV",Maizes produkti,0.89
Tostermaize Fazer Gardā mini 240g,294.5,4,0.4,56,3.3,8,1.2,3.71,"https://rimibaltic-res.cloudinary.com/image/upload/b_white,c_limit,dpr_auto,f_auto,q_auto:low,w_auto/d_ecommerce:backend-fallback.png/MAT_907457_PCE_LV",Maizes produkti,0.89
Saldskābmaize Latviskā ar sēklām un graudiem 300g,295.4,6.3,0.7,48.4,6.6,8,0,4.3,"https://rimibaltic-res.cloudinary.com/image/upload/b_white,c_limit,dpr_auto,f_auto,q_auto:low,w_auto/d_ecommerce:backend-fallback.png/MAT_218278_PCE_LV",Maizes produkti,1.29
Rudzu maize Ķelmēni sagriezta 1kg,276.8,1.5,0.3,54.5,7.8,5.6,0.6,2.99,"https://rimibaltic-res.cloudinary.com/image/upload/b_white,c_limit,dpr_auto,f_auto,q_auto:low,w_auto/d_ecommerce:backend-fallback.png/MAT_258801_PCE_LV",Maizes produkti,2.99
Baltmaize Kungu sagriezta 400g,272.5,3.6,0.2,50.2,2.4,7.8,0.5,4.22,"https://rimibaltic-res.cloudinary.com/image/upload/b_white,c_limit,dpr_auto,f_auto,q_auto:low,w_auto/d_ecommerce:backend-fallback.png/MAT_210215_PCE_LV",Maizes produkti,1.69
Maize Fazer Dzīvā saulespuķu 500g,332.7,10,0.9,49,1.9,10.9,0,2.78,"https://rimibaltic-res.cloudinary.com/image/upload/b_white,c_limit,dpr_auto,f_auto,q_auto:low,w_auto/d_ecommerce:backend-fallback.png/MAT_299565_PCE_LV",Maizes produkti,1.39
Tostermaize Toste sendviču sēklu 470g,276.8,6.8,0.4,41.2,2.2,10,0,3.6,"https://rimibaltic-res.cloudinary.com/image/upload/b_white,c_limit,dpr_auto,f_auto,q_auto:low,w_auto/d_ecommerce:backend-fallback.png/MAT_903391_PCE_LV",Maizes produkti,1.69
Baltmaize Zemnieku sagriezta 500g,267.0,2.5,0.2,50.5,1.3,8.4,1,2.7,"https://rimibaltic-res.cloudinary.com/image/upload/b_white,c_limit,dpr_auto,f_auto,q_auto:low,w_auto/d_ecommerce:backend-fallback.png/MAT_288553_PCE_LV",Maizes produkti,1.35
Rudzu maize Zeltene sagriezta 800g,222.3,1.6,0.3,41.7,5.7,6.5,1,1.86,"https://rimibaltic-res.cloudinary.com/image/upload/b_white,c_limit,dpr_auto,f_auto,q_auto:low,w_auto/d_ecommerce:backend-fallback.png/MAT_283726_PCE_LV",Maizes produkti,1.49
Lavašs Oriental 190g,262.7,1.1,0.1,54.8,0.7,8.6,1.3,6.05,"https://rimibaltic-res.cloudinary.com/image/upload/b_white,c_limit,dpr_auto,f_auto,q_auto:low,w_auto/d_ecommerce:backend-fallback.png/MAT_273542_PCE_LV",Maizes produkti,1.15
Tostermaize Tost Maize 100% rudzu 390g,276.3,4.6,0.8,41.5,4.8,14.3,1.6,3.72,"https://rimibaltic-res.cloudinary.com/image/upload/b_white,c_limit,dpr_auto,f_auto,q_auto:low,w_auto/d_ecommerce:backend-fallback.png/MAT_987208_PCE_LV",Maizes produkti,1.45
Rudzu formas maize Rimi Beķera 600g,223.0,1,0.1,44.2,2.7,5.2,1.1,1.32,"https://rimibaltic-res.cloudinary.com/image/upload/b_white,c_limit,dpr_auto,f_auto,q_auto:low,w_auto/d_ecommerce:backend-fallback.png/MAT_810028_PCE_LV",Maizes produkti,0.79
Rudzu maize Rikas 6 gab. 330g,262.9,1.6,0.3,46,1,9.3,0.4,4.09,"https://rimibaltic-res.cloudinary.com/image/upload/b_white,c_limit,dpr_auto,f_auto,q_auto:low,w_auto/d_ecommerce:backend-fallback.png/MAT_219058_PCE_LV",Maizes produkti,1.35
"Rupjmaize Rīgas Klaips formas, sagriezta 600g",226.3,1.3,0.2,44,2.9,5.4,1.1,2.33,"https://rimibaltic-res.cloudinary.com/image/upload/b_white,c_limit,dpr_auto,f_auto,q_auto:low,w_auto/d_ecommerce:backend-fallback.png/MAT_268114_PCE_LV",Maizes produkti,1.4
Maize franču ar ķiploku pildījumu 160g,303.1,14,6.6,38,0.6,5.2,1.5,4.63,"https://rimibaltic-res.cloudinary.com/image/upload/b_white,c_limit,dpr_auto,f_auto,q_auto:low,w_auto/d_ecommerce:backend-fallback.png/MAT_926534_PCE_LV",Maizes produkti,0.74
Kviešu kliju maize Rimi Beķera 300g,251.0,2.5,0.1,47.2,1.2,7.9,1,1.63,"https://rimibaltic-res.cloudinary.com/image/upload/b_white,c_limit,dpr_auto,f_auto,q_auto:low,w_auto/d_ecommerce:backend-fallback.png/MAT_810025_PCE_LV",Maizes produkti,0.49
Tostermaize Fazer Gardā 500g,272.5,2.5,0.3,54,3.3,7.6,0,2.9,"https://rimibaltic-res.cloudinary.com/image/upload/b_white,c_limit,dpr_auto,f_auto,q_auto:low,w_auto/d_ecommerce:backend-fallback.png/MAT_295505_PCE_LV",Maizes produkti,1.45
Baltmaize Rimi Beķera 300g,274.9,3.2,0.2,51.1,1.4,8.7,1,1.3,"https://rimibaltic-res.cloudinary.com/image/upload/b_white,c_limit,dpr_auto,f_auto,q_auto:low,w_auto/d_ecommerce:backend-fallback.png/MAT_810026_PCE_LV",Maizes produkti,0.39
Tostermaize Tost Maize kraukšķīgā 500g,306.4,6.2,0.7,49.7,4.2,10.2,1.2,2.9,"https://rimibaltic-res.cloudinary.com/image/upload/b_white,c_limit,dpr_auto,f_auto,q_auto:low,w_auto/d_ecommerce:backend-fallback.png/MAT_987367_PCE_LV",Maizes produkti,1.45
Tostermaize Tost Maize 500g,295.9,3.2,0.2,55,3.2,9.1,1.2,2.58,"https://rimibaltic-res.cloudinary.com/image/upload/b_white,c_limit,dpr_auto,f_auto,q_auto:low,w_auto/d_ecommerce:backend-fallback.png/MAT_987207_PCE_LV",Maizes produkti,1.29
Maize Grieķu jogurta 300g,285.4,3.2,0.1,50.5,5.8,11.1,1,4.83,"https://rimibaltic-res.cloudinary.com/image/upload/b_white,c_limit,dpr_auto,f_auto,q_auto:low,w_auto/d_ecommerce:backend-fallback.png/MAT_928816_PCE_LV",Maizes produkti,1.45
Baltmaize Fazer Gardā sagriezta 400g,273.2,2.3,0.3,54,3.2,7.6,0,4.37,"https://rimibaltic-res.cloudinary.com/image/upload/b_white,c_limit,dpr_auto,f_auto,q_auto:low,w_auto/d_ecommerce:backend-fallback.png/MAT_286108_PCE_LV",Maizes produkti,1.75
Rīvmaize Rimi 400g,360.9,1.3,0.6,73.9,3.6,11.5,1.1,3.42,"https://rimibaltic-res.cloudinary.com/image/upload/b_white,c_limit,dpr_auto,f_auto,q_auto:low,w_auto/d_ecommerce:backend-fallback.png/MAT_807909_PCE_LV",Maizes produkti,1.37
Mākoņmaize Druva XXL 500g + 200g,269.8,1.5,0.2,53,3.8,8,1,1.84,"https://rimibaltic-res.cloudinary.com/image/upload/b_white,c_limit,dpr_auto,f_auto,q_auto:low,w_auto/d_ecommerce:backend-fallback.png/MAT_4000365_PCE_LV",Maizes produkti,1.29
"Tostermaize kviešu Rimi Beķera, sagriezta 500g",257.9,2.7,0.3,49,5.2,9.8,1.2,1.98,"https://rimibaltic-res.cloudinary.com/image/upload/b_white,c_limit,dpr_auto,f_auto,q_auto:low,w_auto/d_ecommerce:backend-fallback.png/MAT_813534_PCE_LV",Maizes produkti,0.99
Maize melnā Latvijas graudu ar sēklam 340g,310.0,11.6,1.2,37.7,9.1,10.8,1,3.97,"https://rimibaltic-res.cloudinary.com/image/upload/b_white,c_limit,dpr_auto,f_auto,q_auto:low,w_auto/d_ecommerce:backend-fallback.png/MAT_952512_PCE_LV",Maizes produkti,1.35
Tostermaize Druvas sagriezta 500g,255.3,1.4,0.3,52,3.2,7.8,0,3.18,"https://rimibaltic-res.cloudinary.com/image/upload/b_white,c_limit,dpr_auto,f_auto,q_auto:low,w_auto/d_ecommerce:backend-fallback.png/MAT_215470_PCE_LV",Maizes produkti,1.59
Īsta saldskābmaize Lāči no lielā kukuļa 310g,275.6,1.1,0,56.4,11.7,6.3,0,5.0,"https://rimibaltic-res.cloudinary.com/image/upload/b_white,c_limit,dpr_auto,f_auto,q_auto:low,w_auto/d_ecommerce:backend-fallback.png/MAT_276537_PCE_LV",Maizes produkti,1.55
Groziņi sāļie 300g,451.0,25.8,8.5,47.2,0.3,7.3,1.6,9.83,"https://rimibaltic-res.cloudinary.com/image/upload/b_white,c_limit,dpr_auto,f_auto,q_auto:low,w_auto/d_ecommerce:backend-fallback.png/MAT_275262_PCE_LV",Maizes produkti,2.95
Polārmaize Fazer auzu 180g,255.0,3,0.5,43,7.3,11,0.7,13.83,"https://rimibaltic-res.cloudinary.com/image/upload/b_white,c_limit,dpr_auto,f_auto,q_auto:low,w_auto/d_ecommerce:backend-fallback.png/MAT_956931_PCE_LV",Maizes produkti,2.49
Baltmaize Fazer kefīra 350g,302.1,4,0.6,56.6,5.8,9.1,1,3.97,"https://rimibaltic-res.cloudinary.com/image/upload/b_white,c_limit,dpr_auto,f_auto,q_auto:low,w_auto/d_ecommerce:backend-fallback.png/MAT_918897_PCE_LV",Maizes produkti,1.39
Maiziņš pilngraudu 240g,302.3,8.7,0.5,35.2,4,12.9,0.9,6.46,"https://rimibaltic-res.cloudinary.com/image/upload/b_white,c_limit,dpr_auto,f_auto,q_auto:low,w_auto/d_ecommerce:backend-fallback.png/MAT_937593_PCE_LV",Maizes produkti,1.55
Tostermaize Tostē klasiskā sagriezta 500g,279.6,4.4,0.1,50.1,3.6,8.6,0,2.96,"https://rimibaltic-res.cloudinary.com/image/upload/b_white,c_limit,dpr_auto,f_auto,q_auto:low,w_auto/d_ecommerce:backend-fallback.png/MAT_224536_PCE_LV",Maizes produkti,1.48
Sausmaizītes Rimi rudzu ar skābā krējuma garšu 150g,375.0,9,0.7,57,3.6,9.5,1.4,19.93,"https://rimibaltic-res.cloudinary.com/image/upload/b_white,c_limit,dpr_auto,f_auto,q_auto:low,w_auto/d_ecommerce:backend-fallback.png/MAT_809628_PCE_LV",Maizes produkti,2.99
Baltmaize Lāči īstā sagriezta 400g,270.8,3.1,0.6,51,3.2,7.7,0,4.72,"https://rimibaltic-res.cloudinary.com/image/upload/b_white,c_limit,dpr_auto,f_auto,q_auto:low,w_auto/d_ecommerce:backend-fallback.png/MAT_282633_PCE_LV",Maizes produkti,1.89
Rudzu maize Kuršu pilngraudu 390g,222.8,1.4,0.2,42.1,4,5.6,1.1,3.56,"https://rimibaltic-res.cloudinary.com/image/upload/b_white,c_limit,dpr_auto,f_auto,q_auto:low,w_auto/d_ecommerce:backend-fallback.png/MAT_4000818_PCE_LV",Maizes produkti,1.39
Tumšā sēklu maize Pļavas Vizbulīte 360g,292.5,6.9,0.9,45,2,10,1.1,4.31,"https://rimibaltic-res.cloudinary.com/image/upload/b_white,c_limit,dpr_auto,f_auto,q_auto:low,w_auto/d_ecommerce:backend-fallback.png/MAT_986299_PCE_LV",Maizes produkti,1.55
Rudzu maize Zeltene 1/2 sagriezta 390g,222.3,1.6,0.3,41.7,5.7,6.5,1,2.28,"https://rimibaltic-res.cloudinary.com/image/upload/b_white,c_limit,dpr_auto,f_auto,q_auto:low,w_auto/d_ecommerce:backend-fallback.png/MAT_290637_PCE_LV",Maizes produkti,0.89
Rudzu rikas ar diedzētiem graudiem 240g,243.1,1.7,0.3,42,4.8,9.4,1.1,6.63,"https://rimibaltic-res.cloudinary.com/image/upload/b_white,c_limit,dpr_auto,f_auto,q_auto:low,w_auto/d_ecommerce:backend-fallback.png/MAT_975043_PCE_LV",Maizes produkti,1.59
Kliju maize Flora sagriezta 250g,256.9,3.4,0.3,45,1.9,8.5,1,5.0,"https://rimibaltic-res.cloudinary.com/image/upload/b_white,c_limit,dpr_auto,f_auto,q_auto:low,w_auto/d_ecommerce:backend-fallback.png/MAT_284378_PCE_LV",Maizes produkti,1.25
"Sausmaizītes Selga ar auzu pārslām, saulespuķu sēklām un linsēklām 200g",528.7,35.4,3.8,29,4,17,0.7,15.45,"https://rimibaltic-res.cloudinary.com/image/upload/b_white,c_limit,dpr_auto,f_auto,q_auto:low,w_auto/d_ecommerce:backend-fallback.png/MAT_996891_PCE_LV",Maizes produkti,3.09
Baltmaize Lielā galda sagriezta 500g,264.3,2.3,0.1,50.5,1.3,7.7,1,3.18,"https://rimibaltic-res.cloudinary.com/image/upload/b_white,c_limit,dpr_auto,f_auto,q_auto:low,w_auto/d_ecommerce:backend-fallback.png/MAT_279780_PCE_LV",Maizes produkti,1.59
Īsta rupjmaize Lāči no lielā kukuļa 400g,262.7,1.4,0.1,47,10,8.8,0.8,5.62,"https://rimibaltic-res.cloudinary.com/image/upload/b_white,c_limit,dpr_auto,f_auto,q_auto:low,w_auto/d_ecommerce:backend-fallback.png/MAT_276534_PCE_LV",Maizes produkti,2.25
Sausmaizītes Rimi rudzu ar ķiplokiem 150g,371.9,8.8,0.6,57,4.5,9.3,1.4,19.93,"https://rimibaltic-res.cloudinary.com/image/upload/b_white,c_limit,dpr_auto,f_auto,q_auto:low,w_auto/d_ecommerce:backend-fallback.png/MAT_809619_PCE_LV",Maizes produkti,2.99
Baltmaize Lāči īstā sagriezta 190g,270.8,3.1,0.6,51,3.2,7.7,0,5.74,"https://rimibaltic-res.cloudinary.com/image/upload/b_white,c_limit,dpr_auto,f_auto,q_auto:low,w_auto/d_ecommerce:backend-fallback.png/MAT_267732_PCE_LV",Maizes produkti,1.09
Kliju maize Druva Spēkavotu 250g,260.0,2.5,0.5,50,1,8.6,0,3.8,"https://rimibaltic-res.cloudinary.com/image/upload/b_white,c_limit,dpr_auto,f_auto,q_auto:low,w_auto/d_ecommerce:backend-fallback.png/MAT_905062_PCE_LV",Maizes produkti,0.95
Saldskābmaize Limbažu ar sēklām un graudiem 300g,289.9,6.2,0.3,49,5.6,7.6,1,5.97,"https://rimibaltic-res.cloudinary.com/image/upload/b_white,c_limit,dpr_auto,f_auto,q_auto:low,w_auto/d_ecommerce:backend-fallback.png/MAT_909816_PCE_LV",Maizes produkti,1.79
Kviešu saldskābā maize Lielezers 580g,246.2,0.8,0,52,6.2,5.7,0,4.12,"https://rimibaltic-res.cloudinary.com/image/upload/b_white,c_limit,dpr_auto,f_auto,q_auto:low,w_auto/d_ecommerce:backend-fallback.png/MAT_211435_PCE_LV",Maizes produkti,2.39
Groziņi Flora sāļās laiviņas 140g,564.8,36,25,50,6,8.1,9,22.79,"https://rimibaltic-res.cloudinary.com/image/upload/b_white,c_limit,dpr_auto,f_auto,q_auto:low,w_auto/d_ecommerce:backend-fallback.png/MAT_215088_PCE_LV",Maizes produkti,3.19
Kuršu saldskābmaize 390g,249.8,1.4,0.3,48,4.5,8.3,1,3.31,"https://rimibaltic-res.cloudinary.com/image/upload/b_white,c_limit,dpr_auto,f_auto,q_auto:low,w_auto/d_ecommerce:backend-fallback.png/MAT_275911_PCE_LV",Maizes produkti,1.29
Maize ar olīvām kalamata 330g,241.6,4.4,0.5,43,0.5,5.9,1.4,6.03,"https://rimibaltic-res.cloudinary.com/image/upload/b_white,c_limit,dpr_auto,f_auto,q_auto:low,w_auto/d_ecommerce:backend-fallback.png/MAT_924216_PCE_LV",Maizes produkti,1.99
Tostermaize Fazer Ierauga 450g,271.7,1.6,0.2,50.6,2.5,9.5,1.2,3.09,"https://rimibaltic-res.cloudinary.com/image/upload/b_white,c_limit,dpr_auto,f_auto,q_auto:low,w_auto/d_ecommerce:backend-fallback.png/MAT_4000174_PCE_LV",Maizes produkti,1.39
Torte Cielaviņa 700g,475.4,28,12,47,41,9,0.2,20.56,"https://rimibaltic-res.cloudinary.com/image/upload/b_white,c_limit,dpr_auto,f_auto,q_auto:low,w_auto/d_ecommerce:backend-fallback.png/MAT_214948_PCE_LV",Maizes produkti,14.39
Rudzu sausmaizītes Finn Crisp 200g,341.5,2.6,0.4,59,1.6,10,0,8.95,"https://rimibaltic-res.cloudinary.com/image/upload/b_white,c_limit,dpr_auto,f_auto,q_auto:low,w_auto/d_ecommerce:backend-fallback.png/MAT_102773_PCE_LV",Maizes produkti,1.79
Sausmaizītes Selga Nature ar timiānu un sēklām 200g,523.9,35,3.8,28,1.8,17,1.5,16.95,"https://rimibaltic-res.cloudinary.com/image/upload/b_white,c_limit,dpr_auto,f_auto,q_auto:low,w_auto/d_ecommerce:backend-fallback.png/MAT_4002821_PCE_LV",Maizes produkti,3.39
Rupjmaize Liepkalni pilngraudu bez rauga 400g,259.1,1.4,0.1,48.3,6.1,7.5,1.1,3.62,"https://rimibaltic-res.cloudinary.com/image/upload/b_white,c_limit,dpr_auto,f_auto,q_auto:low,w_auto/d_ecommerce:backend-fallback.png/MAT_293809_PCE_LV",Maizes produkti,1.45
Rupjmaize Dzirnavu Borodina 250g,251.4,1.1,0,52,8.2,6.1,0,5.56,"https://rimibaltic-res.cloudinary.com/image/upload/b_white,c_limit,dpr_auto,f_auto,q_auto:low,w_auto/d_ecommerce:backend-fallback.png/MAT_299244_PCE_LV",Maizes produkti,1.39
Pīrādziņi ekskluzīvie atlaidināti kg,435.5,24,11,42,4.6,12,1.8,9.99,"https://rimibaltic-res.cloudinary.com/image/upload/b_white,c_limit,dpr_auto,f_auto,q_auto:low,w_auto/d_ecommerce:backend-fallback.png/MAT_232880_KGM_LV",Maizes produkti,9.99
Ierauga maize Fazer 500g,267.4,2.1,0.2,51.6,3.6,8.8,1.4,3.58,"https://rimibaltic-res.cloudinary.com/image/upload/b_white,c_limit,dpr_auto,f_auto,q_auto:low,w_auto/d_ecommerce:backend-fallback.png/MAT_4003838_PCE_LV",Maizes produkti,1.79
Biezpiena cepumi kg,394.8,22.5,14.9,39.4,19.9,8.7,0.2,9.99,"https://rimibaltic-res.cloudinary.com/image/upload/b_white,c_limit,dpr_auto,f_auto,q_auto:low,w_auto/d_ecommerce:backend-fallback.png/MAT_929575_KGM_LV",Maizes produkti,9.99
Maize graudu bez pievienota cukura 200g,283.2,1.3,0.1,53.3,0.6,10.9,0.9,4.45,"https://rimibaltic-res.cloudinary.com/image/upload/b_white,c_limit,dpr_auto,f_auto,q_auto:low,w_auto/d_ecommerce:backend-fallback.png/MAT_909875_PCE_LV",Maizes produkti,0.89
Baltmaize Zeltene saldā sagriezta 350g,281.1,3.2,0.2,52.8,7.8,7.7,1,3.29,"https://rimibaltic-res.cloudinary.com/image/upload/b_white,c_limit,dpr_auto,f_auto,q_auto:low,w_auto/d_ecommerce:backend-fallback.png/MAT_285134_PCE_LV",Maizes produkti,1.15
Burkānmaize Lāči no lielā kukuļa 310g,283.2,1.4,0,50.8,12,9.3,0,5.0,"https://rimibaltic-res.cloudinary.com/image/upload/b_white,c_limit,dpr_auto,f_auto,q_auto:low,w_auto/d_ecommerce:backend-fallback.png/MAT_276540_PCE_LV",Maizes produkti,1.55
Maiziņš dārzeņu 240g,277.0,4.8,0.5,38.4,7.1,14,0.9,7.29,"https://rimibaltic-res.cloudinary.com/image/upload/b_white,c_limit,dpr_auto,f_auto,q_auto:low,w_auto/d_ecommerce:backend-fallback.png/MAT_937635_PCE_LV",Maizes produkti,1.75
Rupjmaize Latviskā 400g,270.8,1.2,0,51.8,8.4,8.2,0,3.97,"https://rimibaltic-res.cloudinary.com/image/upload/b_white,c_limit,dpr_auto,f_auto,q_auto:low,w_auto/d_ecommerce:backend-fallback.png/MAT_221986_PCE_LV",Maizes produkti,1.59
Tostermaize Latvijas Graudu Maize sēklu 450g,344.9,9.6,1.1,51.5,4.8,10.1,1.2,4.11,"https://rimibaltic-res.cloudinary.com/image/upload/b_white,c_limit,dpr_auto,f_auto,q_auto:low,w_auto/d_ecommerce:backend-fallback.png/MAT_4002038_PCE_LV",Maizes produkti,1.85
"Virtulis Mantinga ar asorti pildījumu, atkausēts 65g",309.8,9.6,5.6,48,14,6.7,0.7,5.38,"https://rimibaltic-res.cloudinary.com/image/upload/b_white,c_limit,dpr_auto,f_auto,q_auto:low,w_auto/d_ecommerce:backend-fallback.png/MAT_1017129_PCE_LV",Maizes produkti,0.35
Rudzu maize Latvijas graudu ar sēklām 390g,266.0,6.3,0.7,40.5,6.1,8.3,0.9,3.46,"https://rimibaltic-res.cloudinary.com/image/upload/b_white,c_limit,dpr_auto,f_auto,q_auto:low,w_auto/d_ecommerce:backend-fallback.png/MAT_952302_PCE_LV",Maizes produkti,1.35
Pilngraudu tostermaize Flora speltas 320g,250.0,3.6,0.3,44,2.9,8.2,1.1,4.97,"https://rimibaltic-res.cloudinary.com/image/upload/b_white,c_limit,dpr_auto,f_auto,q_auto:low,w_auto/d_ecommerce:backend-fallback.png/MAT_966526_PCE_LV",Maizes produkti,1.59
Maize Latvijas graudu ar škiedrvielām 300g,248.1,3.6,0.2,43,0.6,8.9,1,4.5,"https://rimibaltic-res.cloudinary.com/image/upload/b_white,c_limit,dpr_auto,f_auto,q_auto:low,w_auto/d_ecommerce:backend-fallback.png/MAT_952316_PCE_LV",Maizes produkti,1.35
Rudzu maize Īstenā saldskābā 730g,276.1,1.4,0.1,54,9.3,7.1,1,2.59,"https://rimibaltic-res.cloudinary.com/image/upload/b_white,c_limit,dpr_auto,f_auto,q_auto:low,w_auto/d_ecommerce:backend-fallback.png/MAT_974551_PCE_LV",Maizes produkti,1.89
Kviešu saldskābmaize Ķelmēni 1/2 sagriezta 380g,243.5,1.2,0.3,48.3,6,6.7,0.7,5.24,"https://rimibaltic-res.cloudinary.com/image/upload/b_white,c_limit,dpr_auto,f_auto,q_auto:low,w_auto/d_ecommerce:backend-fallback.png/MAT_211636_PCE_LV",Maizes produkti,1.99
Baltmaize Lielkungu 600g,269.4,3.5,0.3,48.7,4.2,8.2,1.1,2.65,"https://rimibaltic-res.cloudinary.com/image/upload/b_white,c_limit,dpr_auto,f_auto,q_auto:low,w_auto/d_ecommerce:backend-fallback.png/MAT_909854_PCE_LV",Maizes produkti,1.59
Baltmaize Zeltene Dienišķā 550g,269.6,2.6,0.2,51.5,3.3,7.4,1,2.71,"https://rimibaltic-res.cloudinary.com/image/upload/b_white,c_limit,dpr_auto,f_auto,q_auto:low,w_auto/d_ecommerce:backend-fallback.png/MAT_921133_PCE_LV",Maizes produkti,1.49
Rudzu maize Kuršu pilngraudu 800g,222.8,1.4,0.2,42.1,4,5.6,1.1,2.24,"https://rimibaltic-res.cloudinary.com/image/upload/b_white,c_limit,dpr_auto,f_auto,q_auto:low,w_auto/d_ecommerce:backend-fallback.png/MAT_4000817_PCE_LV",Maizes produkti,1.79
Kanēļa virtulis 65g,359.7,17,7.6,45,22,5.8,0.4,6.15,"https://rimibaltic-res.cloudinary.com/image/upload/b_white,c_limit,dpr_auto,f_auto,q_auto:low,w_auto/d_ecommerce:backend-fallback.png/MAT_4005605_PCE_LV",Maizes produkti,0.4
Tostermaize Īsta ar pienu un sviestu 240g,253.1,4.4,2.3,43.4,3.7,8.9,1.7,4.54,"https://rimibaltic-res.cloudinary.com/image/upload/b_white,c_limit,dpr_auto,f_auto,q_auto:low,w_auto/d_ecommerce:backend-fallback.png/MAT_914510_PCE_LV",Maizes produkti,1.09
Maiziņš siera 200g,306.2,5.6,1,48.4,5,12,0.9,7.45,"https://rimibaltic-res.cloudinary.com/image/upload/b_white,c_limit,dpr_auto,f_auto,q_auto:low,w_auto/d_ecommerce:backend-fallback.png/MAT_937637_PCE_LV",Maizes produkti,1.49
Rudzu saldskābmaize 280g,257.2,0.8,0,55,5.6,5.6,0,5.68,"https://rimibaltic-res.cloudinary.com/image/upload/b_white,c_limit,dpr_auto,f_auto,q_auto:low,w_auto/d_ecommerce:backend-fallback.png/MAT_902507_PCE_LV",Maizes produkti,1.59
Kuršu sēklu maize 390g,255.0,5.4,0.7,40,5.5,6.7,1.1,3.05,"https://rimibaltic-res.cloudinary.com/image/upload/b_white,c_limit,dpr_auto,f_auto,q_auto:low,w_auto/d_ecommerce:backend-fallback.png/MAT_282335_PCE_LV",Maizes produkti,1.19
Rudzu maize formas melnā sagriezta 600g,267.0,1.8,0.4,51,9.2,7.4,1,2.15,"https://rimibaltic-res.cloudinary.com/image/upload/b_white,c_limit,dpr_auto,f_auto,q_auto:low,w_auto/d_ecommerce:backend-fallback.png/MAT_220819_PCE_LV",Maizes produkti,1.29
Rudzu saldskābmaize Ķelmēni 1/2 sagriezta 380g,243.5,1.2,0.2,47,5,4.3,0.8,4.97,"https://rimibaltic-res.cloudinary.com/image/upload/b_white,c_limit,dpr_auto,f_auto,q_auto:low,w_auto/d_ecommerce:backend-fallback.png/MAT_211635_PCE_LV",Maizes produkti,1.89
Groziņi Trīne siera sāļie 15gab.,476.8,33,10.5,39,0.1,9.2,0.2,21.15,"https://rimibaltic-res.cloudinary.com/image/upload/b_white,c_limit,dpr_auto,f_auto,q_auto:low,w_auto/d_ecommerce:backend-fallback.png/MAT_284825_PCE_LV",Maizes produkti,2.75
Rudzu maize Latvijas graudu ar sēklām 800g,266.0,6.3,0.7,40.5,6.1,8.3,0.9,2.74,"https://rimibaltic-res.cloudinary.com/image/upload/b_white,c_limit,dpr_auto,f_auto,q_auto:low,w_auto/d_ecommerce:backend-fallback.png/MAT_952314_PCE_LV",Maizes produkti,2.19
Tostermaize Fazer kefīra vērtīgā 450g,266.0,3.8,0.8,50,6.3,8,1,3.53,"https://rimibaltic-res.cloudinary.com/image/upload/b_white,c_limit,dpr_auto,f_auto,q_auto:low,w_auto/d_ecommerce:backend-fallback.png/MAT_929155_PCE_LV",Maizes produkti,1.59
Kuršu saldskābmaize 800g,249.8,1.4,0.3,48,4.5,8.3,1,2.69,"https://rimibaltic-res.cloudinary.com/image/upload/b_white,c_limit,dpr_auto,f_auto,q_auto:low,w_auto/d_ecommerce:backend-fallback.png/MAT_275910_PCE_LV",Maizes produkti,2.15
Barankas Rimi vaniļas mīkstās 300g,368.8,7.3,0,64.3,11.9,8.9,0.8,4.63,"https://rimibaltic-res.cloudinary.com/image/upload/b_white,c_limit,dpr_auto,f_auto,q_auto:low,w_auto/d_ecommerce:backend-fallback.png/MAT_804168_PCE_LV",Maizes produkti,1.39
"""LATVIJAS Graudu maize"" kliju pilngraudu 300g",256.0,3.6,0.2,42,0.5,11.1,1,4.3,"https://rimibaltic-res.cloudinary.com/image/upload/b_white,c_limit,dpr_auto,f_auto,q_auto:low,w_auto/d_ecommerce:backend-fallback.png/MAT_952513_PCE_LV",Maizes produkti,1.29
Sēklu maize Pļavas saulespuķe 360g,318.4,11,1.4,40,2.7,10,1.1,4.14,"https://rimibaltic-res.cloudinary.com/image/upload/b_white,c_limit,dpr_auto,f_auto,q_auto:low,w_auto/d_ecommerce:backend-fallback.png/MAT_986308_PCE_LV",Maizes produkti,1.49
Kūka medus 1kg,295.9,9.4,4.7,47.2,27.3,4.9,0.7,8.99,"https://rimibaltic-res.cloudinary.com/image/upload/b_white,c_limit,dpr_auto,f_auto,q_auto:low,w_auto/d_ecommerce:backend-fallback.png/MAT_294363_PCE_LV",Maizes produkti,8.99
Īstenā rudzu maize ar sēklām 730 g,283.7,9.7,1.1,37.9,8.2,7.4,1,2.45,"https://rimibaltic-res.cloudinary.com/image/upload/b_white,c_limit,dpr_auto,f_auto,q_auto:low,w_auto/d_ecommerce:backend-fallback.png/MAT_933768_PCE_LV",Maizes produkti,1.79
Speķa rausīši Liepkalni 250g,492.1,29.6,9.4,45.6,7.7,10.8,1.9,15.96,"https://rimibaltic-res.cloudinary.com/image/upload/b_white,c_limit,dpr_auto,f_auto,q_auto:low,w_auto/d_ecommerce:backend-fallback.png/MAT_981088_PCE_LV",Maizes produkti,3.99
Graudu maize Dzīvā saulespuķu 250g,332.7,10,0.9,49.2,1.9,10.9,0,4.36,"https://rimibaltic-res.cloudinary.com/image/upload/b_white,c_limit,dpr_auto,f_auto,q_auto:low,w_auto/d_ecommerce:backend-fallback.png/MAT_281044_PCE_LV",Maizes produkti,1.09
Rudzu maize Druva Spēkavotu 390g,236.4,1.1,0.1,47,3.9,8.8,0,3.31,"https://rimibaltic-res.cloudinary.com/image/upload/b_white,c_limit,dpr_auto,f_auto,q_auto:low,w_auto/d_ecommerce:backend-fallback.png/MAT_904885_PCE_LV",Maizes produkti,1.29
Baltmaize Galda sagriezta 300g,269.4,2.4,0.1,51.4,1.3,7.8,1,2.17,"https://rimibaltic-res.cloudinary.com/image/upload/b_white,c_limit,dpr_auto,f_auto,q_auto:low,w_auto/d_ecommerce:backend-fallback.png/MAT_283333_PCE_LV",Maizes produkti,0.65
Brokastu maizītes Flora 5gab. 250g,247.6,2.5,0.3,46,1.8,7.6,1.2,4.36,"https://rimibaltic-res.cloudinary.com/image/upload/b_white,c_limit,dpr_auto,f_auto,q_auto:low,w_auto/d_ecommerce:backend-fallback.png/MAT_284376_PCE_LV",Maizes produkti,1.09
Baltmaize Fazer Gardā 200g,273.2,2.3,0.3,54,3.2,7.6,0,4.45,"https://rimibaltic-res.cloudinary.com/image/upload/b_white,c_limit,dpr_auto,f_auto,q_auto:low,w_auto/d_ecommerce:backend-fallback.png/MAT_903581_PCE_LV",Maizes produkti,0.89
Rupjmaize Īstenā pilngraudu 430g,233.0,0.9,0.2,46.4,8.7,4.9,1,3.7,"https://rimibaltic-res.cloudinary.com/image/upload/b_white,c_limit,dpr_auto,f_auto,q_auto:low,w_auto/d_ecommerce:backend-fallback.png/MAT_997462_PCE_LV",Maizes produkti,1.59
BURGERU MAIZIŅŠ 240G,349.9,7.4,2,56.6,6.9,12,1.4,7.04,"https://rimibaltic-res.cloudinary.com/image/upload/b_white,c_limit,dpr_auto,f_auto,q_auto:low,w_auto/d_ecommerce:backend-fallback.png/MAT_947693_PCE_LV",Maizes produkti,1.69
Rudzu rikas Hanzas Maiznīca pilngraudu 360g,236.4,1.6,0.4,42,2.5,7.5,1.1,4.03,"https://rimibaltic-res.cloudinary.com/image/upload/b_white,c_limit,dpr_auto,f_auto,q_auto:low,w_auto/d_ecommerce:backend-fallback.png/MAT_994827_PCE_LV",Maizes produkti,1.45
Saldskābmaize Tava plaucēta 550g,221.8,1.1,0,46.5,0,8.7,0,2.09,"https://rimibaltic-res.cloudinary.com/image/upload/b_white,c_limit,dpr_auto,f_auto,q_auto:low,w_auto/d_ecommerce:backend-fallback.png/MAT_274392_PCE_LV",Maizes produkti,1.15
Virtulis ar šokolādes pildījumu Mr Double Choco 72g,340.1,18,9.1,41,17,5.1,0.8,9.58,"https://rimibaltic-res.cloudinary.com/image/upload/b_white,c_limit,dpr_auto,f_auto,q_auto:low,w_auto/d_ecommerce:backend-fallback.png/MAT_4006157_PCE_LV",Maizes produkti,0.69
Pilngraudu maize Latvijas graudu 350g,262.0,3.1,0.2,47.2,3.9,8.7,1,3.97,"https://rimibaltic-res.cloudinary.com/image/upload/b_white,c_limit,dpr_auto,f_auto,q_auto:low,w_auto/d_ecommerce:backend-fallback.png/MAT_952505_PCE_LV",Maizes produkti,1.39
Brusketa Rimi tomātiem un oregano 150g,512.9,29.3,2.7,51.2,4.8,9.4,1.7,10.6,"https://rimibaltic-res.cloudinary.com/image/upload/b_white,c_limit,dpr_auto,f_auto,q_auto:low,w_auto/d_ecommerce:backend-fallback.png/MAT_814168_PCE_LV",Maizes produkti,1.59
Sezama baltmaize Latvijas Zeltene 400g,323.4,5.3,0.5,56,3.3,10,1,2.72,"https://rimibaltic-res.cloudinary.com/image/upload/b_white,c_limit,dpr_auto,f_auto,q_auto:low,w_auto/d_ecommerce:backend-fallback.png/MAT_4001114_PCE_LV",Maizes produkti,1.09
Lavašs Klasiskais 120g,289.2,1.5,0,57,2,12,1.3,11.58,"https://rimibaltic-res.cloudinary.com/image/upload/b_white,c_limit,dpr_auto,f_auto,q_auto:low,w_auto/d_ecommerce:backend-fallback.png/MAT_917965_PCE_LV",Maizes produkti,1.39
Tostermaize Fazer pilngraudu vērtīgā 250g,250.0,2.9,1.4,47.1,2.3,8.9,1,5.0,"https://rimibaltic-res.cloudinary.com/image/upload/b_white,c_limit,dpr_auto,f_auto,q_auto:low,w_auto/d_ecommerce:backend-fallback.png/MAT_940755_PCE_LV",Maizes produkti,1.25
Grauzdiņi alus ķiploku kg,355.9,16.1,1.3,46.6,4.5,6,1.4,8.39,"https://rimibaltic-res.cloudinary.com/image/upload/b_white,c_limit,dpr_auto,f_auto,q_auto:low,w_auto/d_ecommerce:backend-fallback.png/MAT_279748_KGM_LV",Maizes produkti,8.39
Rupjmaize Lielezers Alberts plaucēta 810g,245.5,1,0,51,7.7,5.7,0,3.44,"https://rimibaltic-res.cloudinary.com/image/upload/b_white,c_limit,dpr_auto,f_auto,q_auto:low,w_auto/d_ecommerce:backend-fallback.png/MAT_211438_PCE_LV",Maizes produkti,2.79
Maize Fazer tumšā kviešu 450g,289.0,7.3,0.5,48,2.8,8,1.1,3.53,"https://rimibaltic-res.cloudinary.com/image/upload/b_white,c_limit,dpr_auto,f_auto,q_auto:low,w_auto/d_ecommerce:backend-fallback.png/MAT_918888_PCE_LV",Maizes produkti,1.59
Rupjmaize Lāči Īstā 310g,246.9,1.2,0.2,48.5,4.9,6.6,0.8,5.0,"https://rimibaltic-res.cloudinary.com/image/upload/b_white,c_limit,dpr_auto,f_auto,q_auto:low,w_auto/d_ecommerce:backend-fallback.png/MAT_927293_PCE_LV",Maizes produkti,1.55
"Sausmaizītes Selga ar saulespuķu sēklām, linsēklām, ķiploku, čili pārslām 200g",506.2,35.2,3.4,28.3,2.1,16.9,1.4,15.45,"https://rimibaltic-res.cloudinary.com/image/upload/b_white,c_limit,dpr_auto,f_auto,q_auto:low,w_auto/d_ecommerce:backend-fallback.png/MAT_996878_PCE_LV",Maizes produkti,3.09
Lavašs mini 120g,289.2,1.5,0,57,0.7,12,1.5,12.42,"https://rimibaltic-res.cloudinary.com/image/upload/b_white,c_limit,dpr_auto,f_auto,q_auto:low,w_auto/d_ecommerce:backend-fallback.png/MAT_908776_PCE_LV",Maizes produkti,1.49
Burgeru maizītes Klasiskās 4x80g,354.9,10.5,0.6,55.7,7.4,8.8,0.9,7.34,"https://rimibaltic-res.cloudinary.com/image/upload/b_white,c_limit,dpr_auto,f_auto,q_auto:low,w_auto/d_ecommerce:backend-fallback.png/MAT_939055_PCE_LV",Maizes produkti,2.35
"Brusketa Rimi ķiploki, pētersīļi 150g",526.5,30.4,2.5,52.9,1.8,8.9,1.8,11.27,"https://rimibaltic-res.cloudinary.com/image/upload/b_white,c_limit,dpr_auto,f_auto,q_auto:low,w_auto/d_ecommerce:backend-fallback.png/MAT_814176_PCE_LV",Maizes produkti,1.69
Īsta saldskābmaize Lāči 1/2 sagriezta 440g,275.6,1.1,0,56.4,11.7,6.3,0,5.34,"https://rimibaltic-res.cloudinary.com/image/upload/b_white,c_limit,dpr_auto,f_auto,q_auto:low,w_auto/d_ecommerce:backend-fallback.png/MAT_276539_PCE_LV",Maizes produkti,2.35
Rupjmaize Liepkalni spēka bez rauga 500g,264.1,1.2,0.1,52.2,7.2,6.4,1.2,3.7,"https://rimibaltic-res.cloudinary.com/image/upload/b_white,c_limit,dpr_auto,f_auto,q_auto:low,w_auto/d_ecommerce:backend-fallback.png/MAT_284583_PCE_LV",Maizes produkti,1.85
Kūka medus 350g,295.9,9.4,4.7,47.2,27.3,4.9,0.7,11.4,"https://rimibaltic-res.cloudinary.com/image/upload/b_white,c_limit,dpr_auto,f_auto,q_auto:low,w_auto/d_ecommerce:backend-fallback.png/MAT_286803_PCE_LV",Maizes produkti,3.99
Auzu tostermaize Fazer vērtīgā 450g,284.4,3.8,0.4,49.1,4.5,9.5,1,3.31,"https://rimibaltic-res.cloudinary.com/image/upload/b_white,c_limit,dpr_auto,f_auto,q_auto:low,w_auto/d_ecommerce:backend-fallback.png/MAT_996492_PCE_LV",Maizes produkti,1.49
Auzu polārmaize Fazer ar kartupeļiem 310g,247.1,2.3,0.5,44,5.4,10,0.8,9.65,"https://rimibaltic-res.cloudinary.com/image/upload/b_white,c_limit,dpr_auto,f_auto,q_auto:low,w_auto/d_ecommerce:backend-fallback.png/MAT_996800_PCE_LV",Maizes produkti,2.99
Rudzu maize Fazer Iesala 500g,246.9,1.2,0.2,49.5,8.8,9.5,1.2,3.18,"https://rimibaltic-res.cloudinary.com/image/upload/b_white,c_limit,dpr_auto,f_auto,q_auto:low,w_auto/d_ecommerce:backend-fallback.png/MAT_925770_PCE_LV",Maizes produkti,1.59
Ciabata Rustika Izcep pats bez rauga 300g,259.3,1.3,0.2,50.2,0.5,9,1.4,4.3,"https://rimibaltic-res.cloudinary.com/image/upload/b_white,c_limit,dpr_auto,f_auto,q_auto:low,w_auto/d_ecommerce:backend-fallback.png/MAT_985835_PCE_LV",Maizes produkti,1.29
Baltmaize Druva mākoņmaize sagriezta 300g,273.7,2,0.3,55,3.1,8,0,3.3,"https://rimibaltic-res.cloudinary.com/image/upload/b_white,c_limit,dpr_auto,f_auto,q_auto:low,w_auto/d_ecommerce:backend-fallback.png/MAT_279895_PCE_LV",Maizes produkti,0.99
Klasiskie grauzdiņi 100g,468.9,20,9.6,60,3.5,10,0,12.9,"https://rimibaltic-res.cloudinary.com/image/upload/b_white,c_limit,dpr_auto,f_auto,q_auto:low,w_auto/d_ecommerce:backend-fallback.png/MAT_165351_PCE_LV",Maizes produkti,1.29
Maize Lāči augļu gaišā 270g,314.8,4.5,0,58.3,20.2,6.2,0,7.37,"https://rimibaltic-res.cloudinary.com/image/upload/b_white,c_limit,dpr_auto,f_auto,q_auto:low,w_auto/d_ecommerce:backend-fallback.png/MAT_273548_PCE_LV",Maizes produkti,1.99
Saldskābmaize Dona Piknika sagriezta 400g,223.0,1,0,46,0,5.5,0,2.97,"https://rimibaltic-res.cloudinary.com/image/upload/b_white,c_limit,dpr_auto,f_auto,q_auto:low,w_auto/d_ecommerce:backend-fallback.png/MAT_284734_PCE_LV",Maizes produkti,1.19
Pita 220g,270.1,0.9,0.1,56,1.2,8.4,0.8,5.23,"https://rimibaltic-res.cloudinary.com/image/upload/b_white,c_limit,dpr_auto,f_auto,q_auto:low,w_auto/d_ecommerce:backend-fallback.png/MAT_927657_PCE_LV",Maizes produkti,1.15
"MAIZIŅŠ AUZU, 220G",311.2,9,0.5,38.3,4,12.3,1,6.77,"https://rimibaltic-res.cloudinary.com/image/upload/b_white,c_limit,dpr_auto,f_auto,q_auto:low,w_auto/d_ecommerce:backend-fallback.png/MAT_938261_PCE_LV",Maizes produkti,1.49
Fazer Sēklu bagātīgās maizes šķēles 400g,349.9,20.5,2.1,29.7,5.9,11.7,1,4.72,"https://rimibaltic-res.cloudinary.com/image/upload/b_white,c_limit,dpr_auto,f_auto,q_auto:low,w_auto/d_ecommerce:backend-fallback.png/MAT_940725_PCE_LV",Maizes produkti,1.89
"Rupjmaize Dona Slāvu pusīte, sagriezta 270g",222.5,1.2,0.2,43.4,2.4,6.5,1.2,2.78,"https://rimibaltic-res.cloudinary.com/image/upload/b_white,c_limit,dpr_auto,f_auto,q_auto:low,w_auto/d_ecommerce:backend-fallback.png/MAT_996412_PCE_LV",Maizes produkti,0.75
Groziņi Staburadze sāļās karotītes 200g,517.4,33,19,49,0,0,0,19.95,"https://rimibaltic-res.cloudinary.com/image/upload/b_white,c_limit,dpr_auto,f_auto,q_auto:low,w_auto/d_ecommerce:backend-fallback.png/MAT_282586_PCE_LV",Maizes produkti,3.99
Torte biezpiena Smiltene ar ķiršiem 500g,252.2,12.7,8.6,28.6,20.4,5.8,0.1,9.98,"https://rimibaltic-res.cloudinary.com/image/upload/b_white,c_limit,dpr_auto,f_auto,q_auto:low,w_auto/d_ecommerce:backend-fallback.png/MAT_904725_PCE_LV",Maizes produkti,4.99
Siera cepumi kg,446.5,36.6,28.8,17.5,0.3,12.7,0.6,11.99,"https://rimibaltic-res.cloudinary.com/image/upload/b_white,c_limit,dpr_auto,f_auto,q_auto:low,w_auto/d_ecommerce:backend-fallback.png/MAT_926185_KGM_LV",Maizes produkti,11.99
Rudzu pusklaips Gardā 400g,224.9,1,0.1,46.5,5,7.5,1.4,3.72,"https://rimibaltic-res.cloudinary.com/image/upload/b_white,c_limit,dpr_auto,f_auto,q_auto:low,w_auto/d_ecommerce:backend-fallback.png/MAT_944003_PCE_LV",Maizes produkti,1.49
Kūciņa kārtainā ābolu 85g,506.0,27.2,13.7,59.8,25.3,5.5,0.6,11.65,"https://rimibaltic-res.cloudinary.com/image/upload/b_white,c_limit,dpr_auto,f_auto,q_auto:low,w_auto/d_ecommerce:backend-fallback.png/MAT_286429_PCE_LV",Maizes produkti,0.99
Formas rudzu maize Kuršu Pilngraudu 600g,222.8,1.4,0.2,42.1,4,5.6,1.1,3.32,"https://rimibaltic-res.cloudinary.com/image/upload/b_white,c_limit,dpr_auto,f_auto,q_auto:low,w_auto/d_ecommerce:backend-fallback.png/MAT_4000830_PCE_LV",Maizes produkti,1.99
Grauzdiņi asie ķiploku kg,365.7,20.5,1.9,39,5.2,6.4,1.4,8.39,"https://rimibaltic-res.cloudinary.com/image/upload/b_white,c_limit,dpr_auto,f_auto,q_auto:low,w_auto/d_ecommerce:backend-fallback.png/MAT_279749_KGM_LV",Maizes produkti,8.39
Kliju sausmaizītes 155g,342.7,2.3,0.2,59.8,3.2,11.1,0.8,12.84,"https://rimibaltic-res.cloudinary.com/image/upload/b_white,c_limit,dpr_auto,f_auto,q_auto:low,w_auto/d_ecommerce:backend-fallback.png/MAT_280722_PCE_LV",Maizes produkti,1.99
Rupjmaize Lāči Īsta 1/2 sagriezta 480g,262.7,1.4,0,46.7,10.4,8.8,0,5.4,"https://rimibaltic-res.cloudinary.com/image/upload/b_white,c_limit,dpr_auto,f_auto,q_auto:low,w_auto/d_ecommerce:backend-fallback.png/MAT_211556_PCE_LV",Maizes produkti,2.59
"Rudzu maize Īstenā 1,5 kg",224.9,1.1,0.1,44.5,9.5,5.4,1.1,2.66,"https://rimibaltic-res.cloudinary.com/image/upload/b_white,c_limit,dpr_auto,f_auto,q_auto:low,w_auto/d_ecommerce:backend-fallback.png/MAT_937837_PCE_LV",Maizes produkti,3.99
Siera cepumi ar sēklām kg,448.1,36.9,18,17.3,0.8,12.6,0.5,11.99,"https://rimibaltic-res.cloudinary.com/image/upload/b_white,c_limit,dpr_auto,f_auto,q_auto:low,w_auto/d_ecommerce:backend-fallback.png/MAT_286215_KGM_LV",Maizes produkti,11.99
Sausiņi ar rozīnēm 300g,253.1,4.1,0,47.7,15.7,5.8,0.4,4.97,"https://rimibaltic-res.cloudinary.com/image/upload/b_white,c_limit,dpr_auto,f_auto,q_auto:low,w_auto/d_ecommerce:backend-fallback.png/MAT_900611_PCE_LV",Maizes produkti,1.49
Speķa rausīši Liepkalni 400g,514.1,33,9.6,45,7.3,9.3,1.5,15.72,"https://rimibaltic-res.cloudinary.com/image/upload/b_white,c_limit,dpr_auto,f_auto,q_auto:low,w_auto/d_ecommerce:backend-fallback.png/MAT_922980_PCE_LV",Maizes produkti,6.29
Lavašs pilngraudu 120g,290.6,0.5,0.1,58,3.8,11,1.3,14.08,"https://rimibaltic-res.cloudinary.com/image/upload/b_white,c_limit,dpr_auto,f_auto,q_auto:low,w_auto/d_ecommerce:backend-fallback.png/MAT_946609_PCE_LV",Maizes produkti,1.69
Torte Roko 750g,391.0,20.9,0,45.6,0,5.2,0,17.99,"https://rimibaltic-res.cloudinary.com/image/upload/b_white,c_limit,dpr_auto,f_auto,q_auto:low,w_auto/d_ecommerce:backend-fallback.png/MAT_214949_PCE_LV",Maizes produkti,13.49
Saldskābā maize Sējas ar graudiem lielās šķēles 260g,257.6,3.3,0.2,46,6.3,7.1,0.7,7.27,"https://rimibaltic-res.cloudinary.com/image/upload/b_white,c_limit,dpr_auto,f_auto,q_auto:low,w_auto/d_ecommerce:backend-fallback.png/MAT_939117_PCE_LV",Maizes produkti,1.89
Sausmaizītes Rimi ar jogurta un saldā čilli garšu,433.1,14,1.6,61,5.4,12,1.4,13.25,"https://rimibaltic-res.cloudinary.com/image/upload/b_white,c_limit,dpr_auto,f_auto,q_auto:low,w_auto/d_ecommerce:backend-fallback.png/MAT_811317_PCE_LV",Maizes produkti,1.59
Grauzdiņi Garšīgie ķiploku 180g,418.0,10.7,0.7,68.1,0.7,8.9,2.8,9.39,"https://rimibaltic-res.cloudinary.com/image/upload/b_white,c_limit,dpr_auto,f_auto,q_auto:low,w_auto/d_ecommerce:backend-fallback.png/MAT_949860_PCE_LV",Maizes produkti,1.69
Kūciņas Vēja pikas ar biezpienu 200g,346.1,23.8,0,25.4,0,8,0,19.95,"https://rimibaltic-res.cloudinary.com/image/upload/b_white,c_limit,dpr_auto,f_auto,q_auto:low,w_auto/d_ecommerce:backend-fallback.png/MAT_267726_PCE_LV",Maizes produkti,3.99
Burkānmaize Lāči 440g,283.2,1.4,0,50.8,12,9.3,0,5.57,"https://rimibaltic-res.cloudinary.com/image/upload/b_white,c_limit,dpr_auto,f_auto,q_auto:low,w_auto/d_ecommerce:backend-fallback.png/MAT_296294_PCE_LV",Maizes produkti,2.45
Arābu maize Oriental 4gab. 250g,270.1,0.9,0.1,56,1.2,8.4,0.8,3.96,"https://rimibaltic-res.cloudinary.com/image/upload/b_white,c_limit,dpr_auto,f_auto,q_auto:low,w_auto/d_ecommerce:backend-fallback.png/MAT_273606_PCE_LV",Maizes produkti,0.99
Baltmaize Latgales pītā 360g,300.0,6.2,0.6,50.4,2.8,8.5,0.9,4.03,"https://rimibaltic-res.cloudinary.com/image/upload/b_white,c_limit,dpr_auto,f_auto,q_auto:low,w_auto/d_ecommerce:backend-fallback.png/MAT_979223_PCE_LV",Maizes produkti,1.45
Baltmaize dienišķā ar sviestu 500g,291.6,2.8,0.9,56.5,2.6,9.2,1.1,2.3,"https://rimibaltic-res.cloudinary.com/image/upload/b_white,c_limit,dpr_auto,f_auto,q_auto:low,w_auto/d_ecommerce:backend-fallback.png/MAT_974687_PCE_LV",Maizes produkti,1.15
Graudu maize bez pievienota cukura 330g,309.0,4.7,0.7,53.9,0.6,9.3,0,5.42,"https://rimibaltic-res.cloudinary.com/image/upload/b_white,c_limit,dpr_auto,f_auto,q_auto:low,w_auto/d_ecommerce:backend-fallback.png/MAT_284559_PCE_LV",Maizes produkti,1.79
Sausmaizītes Maretti ar picas garšu 70g,467.0,18,7.3,66,3.9,9,3,12.43,"https://rimibaltic-res.cloudinary.com/image/upload/b_white,c_limit,dpr_auto,f_auto,q_auto:low,w_auto/d_ecommerce:backend-fallback.png/MAT_929027_PCE_LV",Maizes produkti,0.87
Miežu karaša Lielezers 400g,264.1,2.5,1,49,1.4,7.7,1,2.47,"https://rimibaltic-res.cloudinary.com/image/upload/b_white,c_limit,dpr_auto,f_auto,q_auto:low,w_auto/d_ecommerce:backend-fallback.png/MAT_4002582_PCE_LV",Maizes produkti,0.99
Rīsu sausmaizītes 155g,360.7,0.1,0,82.8,0,7.1,0,8.97,"https://rimibaltic-res.cloudinary.com/image/upload/b_white,c_limit,dpr_auto,f_auto,q_auto:low,w_auto/d_ecommerce:backend-fallback.png/MAT_282197_PCE_LV",Maizes produkti,1.39
Formas maize Kuršu ar sēklām 600g,256.0,6,0.8,40.6,6.6,6.9,1.1,3.92,"https://rimibaltic-res.cloudinary.com/image/upload/b_white,c_limit,dpr_auto,f_auto,q_auto:low,w_auto/d_ecommerce:backend-fallback.png/MAT_917164_PCE_LV",Maizes produkti,2.35
Rupjmaize Lielezers senā sagriezta 350g,259.6,1,0,51,10.4,7.8,1.1,5.69,"https://rimibaltic-res.cloudinary.com/image/upload/b_white,c_limit,dpr_auto,f_auto,q_auto:low,w_auto/d_ecommerce:backend-fallback.png/MAT_284479_PCE_LV",Maizes produkti,1.99
Sausbaranciņas Rimi mini ar vaniļas garšu 220g,390.1,6.9,0.4,69.3,10.4,10.7,0.9,7.23,"https://rimibaltic-res.cloudinary.com/image/upload/b_white,c_limit,dpr_auto,f_auto,q_auto:low,w_auto/d_ecommerce:backend-fallback.png/MAT_808547_PCE_LV",Maizes produkti,1.59
Lavašs spinātu 190g,252.4,2.1,0.2,49.3,4.7,7,0.8,5.21,"https://rimibaltic-res.cloudinary.com/image/upload/b_white,c_limit,dpr_auto,f_auto,q_auto:low,w_auto/d_ecommerce:backend-fallback.png/MAT_947383_PCE_LV",Maizes produkti,0.99
Kliju sausbaranciņas 400g,348.9,6.4,0.5,56,2,11,0.9,5.47,"https://rimibaltic-res.cloudinary.com/image/upload/b_white,c_limit,dpr_auto,f_auto,q_auto:low,w_auto/d_ecommerce:backend-fallback.png/MAT_948758_PCE_LV",Maizes produkti,2.19
Burgeru maizītes Potato 320g,297.1,7.5,0.8,47.8,4.6,8.5,0.7,7.66,"https://rimibaltic-res.cloudinary.com/image/upload/b_white,c_limit,dpr_auto,f_auto,q_auto:low,w_auto/d_ecommerce:backend-fallback.png/MAT_975729_PCE_LV",Maizes produkti,2.45
Grauzdiņi Liepkalni gaišie ķiploku 200g,531.5,33.9,4.6,46.2,6.3,8.2,0.8,12.75,"https://rimibaltic-res.cloudinary.com/image/upload/b_white,c_limit,dpr_auto,f_auto,q_auto:low,w_auto/d_ecommerce:backend-fallback.png/MAT_278875_PCE_LV",Maizes produkti,2.55
Kūciņas Vēja pikas ar vārīto krēmu 200g,339.6,13.9,0,47.9,0,5.4,0,19.95,"https://rimibaltic-res.cloudinary.com/image/upload/b_white,c_limit,dpr_auto,f_auto,q_auto:low,w_auto/d_ecommerce:backend-fallback.png/MAT_295502_PCE_LV",Maizes produkti,3.99
Maiziņš rudzu 240g,287.0,4,0.5,46.5,9,10.9,1,6.21,"https://rimibaltic-res.cloudinary.com/image/upload/b_white,c_limit,dpr_auto,f_auto,q_auto:low,w_auto/d_ecommerce:backend-fallback.png/MAT_937636_PCE_LV",Maizes produkti,1.49
Baltmaize Mazā Dienas 180g,269.6,1.2,0,54.1,1.6,8.2,1.2,4.94,"https://rimibaltic-res.cloudinary.com/image/upload/b_white,c_limit,dpr_auto,f_auto,q_auto:low,w_auto/d_ecommerce:backend-fallback.png/MAT_292229_PCE_LV",Maizes produkti,0.89
Maize itāļu 300g,263.4,1,0.2,53.3,0.5,9.3,1.4,4.63,"https://rimibaltic-res.cloudinary.com/image/upload/b_white,c_limit,dpr_auto,f_auto,q_auto:low,w_auto/d_ecommerce:backend-fallback.png/MAT_262998_PCE_LV",Maizes produkti,1.39
Rīvmaize Leimer 400g,362.1,1.3,0,72.2,0,12.4,0,7.37,"https://rimibaltic-res.cloudinary.com/image/upload/b_white,c_limit,dpr_auto,f_auto,q_auto:low,w_auto/d_ecommerce:backend-fallback.png/MAT_140981_PCE_LV",Maizes produkti,2.95
Sausbaranciņas pilngraudu ar sēklām 220g,455.8,17.3,1.6,57.1,0.7,13.3,0.8,7.23,"https://rimibaltic-res.cloudinary.com/image/upload/b_white,c_limit,dpr_auto,f_auto,q_auto:low,w_auto/d_ecommerce:backend-fallback.png/MAT_939139_PCE_LV",Maizes produkti,1.59
Maizītes Fazer Street Food tumšās doniņas 330g,248.6,1.6,0.2,42,3.6,11,1.1,4.21,"https://rimibaltic-res.cloudinary.com/image/upload/b_white,c_limit,dpr_auto,f_auto,q_auto:low,w_auto/d_ecommerce:backend-fallback.png/MAT_4001992_PCE_LV",Maizes produkti,1.39
Grauzdiņi Krisprolls pilngraudu bez cukura 225g,403.2,6.6,0.9,68,1.1,13,1.1,9.29,"https://rimibaltic-res.cloudinary.com/image/upload/b_white,c_limit,dpr_auto,f_auto,q_auto:low,w_auto/d_ecommerce:backend-fallback.png/MAT_293913_PCE_LV",Maizes produkti,2.09
Torte biezpiena  Smiltene ar mellenēm 500g,259.3,15,10,26,20.7,5.2,0.1,9.98,"https://rimibaltic-res.cloudinary.com/image/upload/b_white,c_limit,dpr_auto,f_auto,q_auto:low,w_auto/d_ecommerce:backend-fallback.png/MAT_299008_PCE_LV",Maizes produkti,4.99
Tostermaize Tostē proteīna 380g,294.5,11,1.4,28,1.2,16,1,3.92,"https://rimibaltic-res.cloudinary.com/image/upload/b_white,c_limit,dpr_auto,f_auto,q_auto:low,w_auto/d_ecommerce:backend-fallback.png/MAT_4002453_PCE_LV",Maizes produkti,1.49
"Kruasāni 7 Days Mini Double  ar kakao, vaniļas pildījumu 185g",447.2,28,13,46,19,6,0.6,8.59,"https://rimibaltic-res.cloudinary.com/image/upload/b_white,c_limit,dpr_auto,f_auto,q_auto:low,w_auto/d_ecommerce:backend-fallback.png/MAT_946956_PCE_LV",Maizes produkti,1.59
Tostermaize Lāči Lācēna ar pienu un sviestu 240g,255.7,4.4,2.3,43.4,3.7,8.9,1.1,4.13,"https://rimibaltic-res.cloudinary.com/image/upload/b_white,c_limit,dpr_auto,f_auto,q_auto:low,w_auto/d_ecommerce:backend-fallback.png/MAT_996165_PCE_LV",Maizes produkti,0.99
Ķiploku grauzdiņi kg,300.0,15,1.3,36.9,2.2,4.4,1.6,7.99,"https://rimibaltic-res.cloudinary.com/image/upload/b_white,c_limit,dpr_auto,f_auto,q_auto:low,w_auto/d_ecommerce:backend-fallback.png/MAT_232689_KGM_LV",Maizes produkti,7.99
Rudzu maize Jumis lielgraudu ar sēklām 340g,329.3,13.4,2,38.2,9,10.3,0.9,2.91,"https://rimibaltic-res.cloudinary.com/image/upload/b_white,c_limit,dpr_auto,f_auto,q_auto:low,w_auto/d_ecommerce:backend-fallback.png/MAT_986846_PCE_LV",Maizes produkti,0.99
Graudu maize Raženā ar sēklām 300g,357.1,11.6,1.3,49,2.7,11.3,1,3.63,"https://rimibaltic-res.cloudinary.com/image/upload/b_white,c_limit,dpr_auto,f_auto,q_auto:low,w_auto/d_ecommerce:backend-fallback.png/MAT_979217_PCE_LV",Maizes produkti,1.09
Maize Zeltene sēklu 800g,290.6,9.2,2.1,39.7,5.2,9.1,1,2.06,"https://rimibaltic-res.cloudinary.com/image/upload/b_white,c_limit,dpr_auto,f_auto,q_auto:low,w_auto/d_ecommerce:backend-fallback.png/MAT_929781_PCE_LV",Maizes produkti,1.65
Griķu sausmaizītes 155g,340.1,2,0,66.8,0.7,10.8,1,10.9,"https://rimibaltic-res.cloudinary.com/image/upload/b_white,c_limit,dpr_auto,f_auto,q_auto:low,w_auto/d_ecommerce:backend-fallback.png/MAT_950453_PCE_LV",Maizes produkti,1.69
Rudzu baltmaize Lielmaize 500g,300.0,3.9,0.4,53.7,3.6,10.1,1.3,3.98,"https://rimibaltic-res.cloudinary.com/image/upload/b_white,c_limit,dpr_auto,f_auto,q_auto:low,w_auto/d_ecommerce:backend-fallback.png/MAT_978605_PCE_LV",Maizes produkti,1.99
Rudzu maize Jumis Borodinas 280g,253.6,1,0.2,50.9,10.4,5.8,1,3.54,"https://rimibaltic-res.cloudinary.com/image/upload/b_white,c_limit,dpr_auto,f_auto,q_auto:low,w_auto/d_ecommerce:backend-fallback.png/MAT_987365_PCE_LV",Maizes produkti,0.99
Rudzu maize Dona Piknika sagriezta 400g,237.8,1.2,0,48.2,0,5.4,0,2.97,"https://rimibaltic-res.cloudinary.com/image/upload/b_white,c_limit,dpr_auto,f_auto,q_auto:low,w_auto/d_ecommerce:backend-fallback.png/MAT_284733_PCE_LV",Maizes produkti,1.19
Maizes nūjiņas Grissini ar olīveļļu 125g,443.6,10.5,1.6,75,0.5,11.2,0.7,17.2,"https://rimibaltic-res.cloudinary.com/image/upload/b_white,c_limit,dpr_auto,f_auto,q_auto:low,w_auto/d_ecommerce:backend-fallback.png/MAT_168335_PCE_LV",Maizes produkti,2.15
Baltmaize Zeltene dienišķā sagriezta 350g,262.2,2.5,0.1,49.7,3.2,7.7,1,3.57,"https://rimibaltic-res.cloudinary.com/image/upload/b_white,c_limit,dpr_auto,f_auto,q_auto:low,w_auto/d_ecommerce:backend-fallback.png/MAT_273093_PCE_LV",Maizes produkti,1.25
Kūciņas Skudrupūznīši 6x50g,444.1,24.9,0,48.7,0,6.4,0,15.97,"https://rimibaltic-res.cloudinary.com/image/upload/b_white,c_limit,dpr_auto,f_auto,q_auto:low,w_auto/d_ecommerce:backend-fallback.png/MAT_275915_PCE_LV",Maizes produkti,4.79
Kūka Rimi zemeņu-jogurta 350g,228.7,6.5,3.4,39,30,3.2,0.1,9.4,"https://rimibaltic-res.cloudinary.com/image/upload/b_white,c_limit,dpr_auto,f_auto,q_auto:low,w_auto/d_ecommerce:backend-fallback.png/MAT_810060_PCE_LV",Maizes produkti,3.29
Gaišā rudzu maize Latvijas graudu ar sēklām 800g,272.0,6.1,0.8,44.4,7.1,7.6,0.9,2.81,"https://rimibaltic-res.cloudinary.com/image/upload/b_white,c_limit,dpr_auto,f_auto,q_auto:low,w_auto/d_ecommerce:backend-fallback.png/MAT_952274_PCE_LV",Maizes produkti,2.25
Auzu sausmaizītes Rimi 100g,354.9,2.9,0.4,70.4,1.4,7.1,1,9.9,"https://rimibaltic-res.cloudinary.com/image/upload/b_white,c_limit,dpr_auto,f_auto,q_auto:low,w_auto/d_ecommerce:backend-fallback.png/MAT_808540_PCE_LV",Maizes produkti,0.99
"Virtulis Latvijas Maiznieks ar šokolādes pildījumu, atkausēts 77g",430.9,25,12,46,24,5.1,1,16.75,"https://rimibaltic-res.cloudinary.com/image/upload/b_white,c_limit,dpr_auto,f_auto,q_auto:low,w_auto/d_ecommerce:backend-fallback.png/MAT_4001237_PCE_LV",Maizes produkti,1.29
Virtulis Donut Cookie ar pildījumu atkausēts 70g,374.8,17.1,8.8,43,13.3,5,0.4,8.43,"https://rimibaltic-res.cloudinary.com/image/upload/b_white,c_limit,dpr_auto,f_auto,q_auto:low,w_auto/d_ecommerce:backend-fallback.png/MAT_4002889_PCE_LV",Maizes produkti,0.59
"Rudzu maize Rimi Beķera, sagriezta 600g",237.1,1.3,0.2,46.9,6.3,5.8,0.9,2.08,"https://rimibaltic-res.cloudinary.com/image/upload/b_white,c_limit,dpr_auto,f_auto,q_auto:low,w_auto/d_ecommerce:backend-fallback.png/MAT_813545_PCE_LV",Maizes produkti,1.25
Rudzu rikas Īstenā pilngraudu 230g,268.2,1.6,0.2,38,0.6,10,0.9,6.48,"https://rimibaltic-res.cloudinary.com/image/upload/b_white,c_limit,dpr_auto,f_auto,q_auto:low,w_auto/d_ecommerce:backend-fallback.png/MAT_4005496_PCE_LV",Maizes produkti,1.49
Sausmaizītes Crisp tumšās rudzu 215g,341.1,2.8,0.4,59,7.7,10,1.3,13.91,"https://rimibaltic-res.cloudinary.com/image/upload/b_white,c_limit,dpr_auto,f_auto,q_auto:low,w_auto/d_ecommerce:backend-fallback.png/MAT_916333_PCE_LV",Maizes produkti,2.99
Kebaba maize 210g,270.1,0.9,0.1,56,1.2,8.4,0.8,5.19,"https://rimibaltic-res.cloudinary.com/image/upload/b_white,c_limit,dpr_auto,f_auto,q_auto:low,w_auto/d_ecommerce:backend-fallback.png/MAT_900600_PCE_LV",Maizes produkti,1.09
Sausmaizītes Maretti ar siera garšu 70g,467.0,18,7.3,66,3.9,9,3,12.43,"https://rimibaltic-res.cloudinary.com/image/upload/b_white,c_limit,dpr_auto,f_auto,q_auto:low,w_auto/d_ecommerce:backend-fallback.png/MAT_928438_PCE_LV",Maizes produkti,0.87
Mazās sausbaranciņas Bērnu vīrtenes 180g,392.9,7.8,0.5,67.3,5.8,11.1,0.9,12.17,"https://rimibaltic-res.cloudinary.com/image/upload/b_white,c_limit,dpr_auto,f_auto,q_auto:low,w_auto/d_ecommerce:backend-fallback.png/MAT_950454_PCE_LV",Maizes produkti,2.19
Mīkstās barankas Bērnu 200g,367.1,7.3,0,64.5,11.9,8.9,0.8,7.45,"https://rimibaltic-res.cloudinary.com/image/upload/b_white,c_limit,dpr_auto,f_auto,q_auto:low,w_auto/d_ecommerce:backend-fallback.png/MAT_967433_PCE_LV",Maizes produkti,1.49
Baltmaize ar sezamu un sviestu 300g,303.5,6,1.7,52.5,2.9,9,1.1,4.97,"https://rimibaltic-res.cloudinary.com/image/upload/b_white,c_limit,dpr_auto,f_auto,q_auto:low,w_auto/d_ecommerce:backend-fallback.png/MAT_974688_PCE_LV",Maizes produkti,1.49
Biezpiena torte ar avenēm 500g,253.1,14.6,9.4,22.5,16.2,7.8,0.3,9.58,"https://rimibaltic-res.cloudinary.com/image/upload/b_white,c_limit,dpr_auto,f_auto,q_auto:low,w_auto/d_ecommerce:backend-fallback.png/MAT_955936_PCE_LV",Maizes produkti,4.79
Rudzu sausmaizītes 155g,357.6,1.6,0.1,69.2,0.7,10.3,1,8.97,"https://rimibaltic-res.cloudinary.com/image/upload/b_white,c_limit,dpr_auto,f_auto,q_auto:low,w_auto/d_ecommerce:backend-fallback.png/MAT_280465_PCE_LV",Maizes produkti,1.39
Rudzu maize Kuldīgas Garšīgā sagriezta 500g,296.8,1.3,0.2,57.7,8.6,7.7,1.4,3.98,"https://rimibaltic-res.cloudinary.com/image/upload/b_white,c_limit,dpr_auto,f_auto,q_auto:low,w_auto/d_ecommerce:backend-fallback.png/MAT_284612_PCE_LV",Maizes produkti,1.99
Maize Zeltene sēklu 390g,290.6,9.2,2.1,39.7,5.2,9.1,1,2.79,"https://rimibaltic-res.cloudinary.com/image/upload/b_white,c_limit,dpr_auto,f_auto,q_auto:low,w_auto/d_ecommerce:backend-fallback.png/MAT_930895_PCE_LV",Maizes produkti,1.09
Hotdogu maizītes Hanzas Maiznīca 300g,300.0,7.2,0.7,48.3,5.6,9.4,0.6,7.83,"https://rimibaltic-res.cloudinary.com/image/upload/b_white,c_limit,dpr_auto,f_auto,q_auto:low,w_auto/d_ecommerce:backend-fallback.png/MAT_977242_PCE_LV",Maizes produkti,2.35
Kēkss ar rozīnēm 400g,357.6,15.7,5.1,49.4,17.9,4.4,0,6.22,"https://rimibaltic-res.cloudinary.com/image/upload/b_white,c_limit,dpr_auto,f_auto,q_auto:low,w_auto/d_ecommerce:backend-fallback.png/MAT_112028_PCE_LV",Maizes produkti,2.49
Rudzu saldskābmaize Ķelmēni sagriezta 800g,243.5,1.2,0.2,47,5,4.3,0.8,3.49,"https://rimibaltic-res.cloudinary.com/image/upload/b_white,c_limit,dpr_auto,f_auto,q_auto:low,w_auto/d_ecommerce:backend-fallback.png/MAT_258802_PCE_LV",Maizes produkti,2.79
Lavašs Oz Durum Turcijas 25cm 421g,311.2,7.4,4.6,52,3,7.4,2.5,7.1,"https://rimibaltic-res.cloudinary.com/image/upload/b_white,c_limit,dpr_auto,f_auto,q_auto:low,w_auto/d_ecommerce:backend-fallback.png/MAT_285993_PCE_LV",Maizes produkti,2.99
Kūciņas Mazā Vecrīga 250g,251.9,8,0,36.4,0,8.5,0,15.96,"https://rimibaltic-res.cloudinary.com/image/upload/b_white,c_limit,dpr_auto,f_auto,q_auto:low,w_auto/d_ecommerce:backend-fallback.png/MAT_289257_PCE_LV",Maizes produkti,3.99
Sausmaizītes Maretti ar dārzeņu garšu 70g,467.0,18,7.3,66,3.9,9,3,12.43,"https://rimibaltic-res.cloudinary.com/image/upload/b_white,c_limit,dpr_auto,f_auto,q_auto:low,w_auto/d_ecommerce:backend-fallback.png/MAT_929487_PCE_LV",Maizes produkti,0.87
Karaša Liepkalni 350g,271.0,2.6,0.7,50.8,1.8,8.4,1.1,3.4,"https://rimibaltic-res.cloudinary.com/image/upload/b_white,c_limit,dpr_auto,f_auto,q_auto:low,w_auto/d_ecommerce:backend-fallback.png/MAT_979224_PCE_LV",Maizes produkti,1.19
Graudu sausmaizītes Finn Crisp 175g,349.4,3,0.5,60,1.5,11,0,9.09,"https://rimibaltic-res.cloudinary.com/image/upload/b_white,c_limit,dpr_auto,f_auto,q_auto:low,w_auto/d_ecommerce:backend-fallback.png/MAT_103131_PCE_LV",Maizes produkti,1.59
Kēkss Flora ar rozīnēm 400g,432.4,20,13,56,34,5.9,0,7.37,"https://rimibaltic-res.cloudinary.com/image/upload/b_white,c_limit,dpr_auto,f_auto,q_auto:low,w_auto/d_ecommerce:backend-fallback.png/MAT_208835_PCE_LV",Maizes produkti,2.95
Maize Lāči tumšā augļu 300g,371.2,5.3,0.4,67.5,20.1,8,0,5.97,"https://rimibaltic-res.cloudinary.com/image/upload/b_white,c_limit,dpr_auto,f_auto,q_auto:low,w_auto/d_ecommerce:backend-fallback.png/MAT_273549_PCE_LV",Maizes produkti,1.79
Polārmaize Fazer Street Food 140g,277.2,3.5,1,52,9.3,7.3,0.6,11.36,"https://rimibaltic-res.cloudinary.com/image/upload/b_white,c_limit,dpr_auto,f_auto,q_auto:low,w_auto/d_ecommerce:backend-fallback.png/MAT_4000379_PCE_LV",Maizes produkti,1.59
Kēkss Lielpilsētas 370g,467.0,20,11,66,41,5.8,0.3,9.7,"https://rimibaltic-res.cloudinary.com/image/upload/b_white,c_limit,dpr_auto,f_auto,q_auto:low,w_auto/d_ecommerce:backend-fallback.png/MAT_921400_PCE_LV",Maizes produkti,3.59
Rupjmaize Īstenā pilngraudu ar dārzeņiem 430g,229.7,1.4,0.1,41.5,6.8,7.7,1,4.63,"https://rimibaltic-res.cloudinary.com/image/upload/b_white,c_limit,dpr_auto,f_auto,q_auto:low,w_auto/d_ecommerce:backend-fallback.png/MAT_997449_PCE_LV",Maizes produkti,1.99
Rudzu maize Sējas ar graudiem lielās šķēles 280g,253.1,3.4,0.2,43,5.8,8.3,0.7,5.89,"https://rimibaltic-res.cloudinary.com/image/upload/b_white,c_limit,dpr_auto,f_auto,q_auto:low,w_auto/d_ecommerce:backend-fallback.png/MAT_939118_PCE_LV",Maizes produkti,1.65
Groziņi Rimi ar iebiezinātā piena krēmu 210g/6gab.,504.8,30,16,53,31,5.3,0.3,17.57,"https://rimibaltic-res.cloudinary.com/image/upload/b_white,c_limit,dpr_auto,f_auto,q_auto:low,w_auto/d_ecommerce:backend-fallback.png/MAT_806811_PCE_LV",Maizes produkti,3.69
Kēkss Auseklis 650g,468.7,24,11,57,36,6.1,0.3,13.83,"https://rimibaltic-res.cloudinary.com/image/upload/b_white,c_limit,dpr_auto,f_auto,q_auto:low,w_auto/d_ecommerce:backend-fallback.png/MAT_921338_PCE_LV",Maizes produkti,8.99
Rudzu maize Lāči Mājas 700g,276.1,1.1,0.1,55,5.3,7.5,0.8,4.56,"https://rimibaltic-res.cloudinary.com/image/upload/b_white,c_limit,dpr_auto,f_auto,q_auto:low,w_auto/d_ecommerce:backend-fallback.png/MAT_967466_PCE_LV",Maizes produkti,3.19
Beļģu vafele atkausēta 85g,440.0,21,9.6,55,20.7,6.4,0.9,16.35,"https://rimibaltic-res.cloudinary.com/image/upload/b_white,c_limit,dpr_auto,f_auto,q_auto:low,w_auto/d_ecommerce:backend-fallback.png/MAT_968568_PCE_LV",Maizes produkti,1.39
Maizītes Fazer Street Food sēklu doniņas 240g,271.7,5.3,0.6,44.2,5,8.7,1,7.46,"https://rimibaltic-res.cloudinary.com/image/upload/b_white,c_limit,dpr_auto,f_auto,q_auto:low,w_auto/d_ecommerce:backend-fallback.png/MAT_4001993_PCE_LV",Maizes produkti,1.79
Grauzdiņi Krisprolls pilngraudu 225g,403.2,6.2,2.1,70,7,12,1.6,10.18,"https://rimibaltic-res.cloudinary.com/image/upload/b_white,c_limit,dpr_auto,f_auto,q_auto:low,w_auto/d_ecommerce:backend-fallback.png/MAT_103459_PCE_LV",Maizes produkti,2.29
Smilšu mīkla kg,417.8,21.7,13.5,50.6,17.1,5,0.1,7.99,"https://rimibaltic-res.cloudinary.com/image/upload/b_white,c_limit,dpr_auto,f_auto,q_auto:low,w_auto/d_ecommerce:backend-fallback.png/MAT_225588_KGM_LV",Maizes produkti,7.99
Kūka vārīta krēma 800g,340.3,19.3,12.2,37.6,26.2,4.3,0,13.74,"https://rimibaltic-res.cloudinary.com/image/upload/b_white,c_limit,dpr_auto,f_auto,q_auto:low,w_auto/d_ecommerce:backend-fallback.png/MAT_910555_PCE_LV",Maizes produkti,10.99
Maiziņš kliju pilngraudu 240g,300.9,6.1,2,42.8,0.9,14,1.3,6.63,"https://rimibaltic-res.cloudinary.com/image/upload/b_white,c_limit,dpr_auto,f_auto,q_auto:low,w_auto/d_ecommerce:backend-fallback.png/MAT_975207_PCE_LV",Maizes produkti,1.59
Rudzu graudu maize Lielezers sagriezta 280g,288.7,6.7,0.5,44,6,8.3,1,6.04,"https://rimibaltic-res.cloudinary.com/image/upload/b_white,c_limit,dpr_auto,f_auto,q_auto:low,w_auto/d_ecommerce:backend-fallback.png/MAT_996297_PCE_LV",Maizes produkti,1.69
Rudzu sausmaizītes Fazer Crisp 200g,370.5,2.8,0.4,60,1.4,12,1.5,9.45,"https://rimibaltic-res.cloudinary.com/image/upload/b_white,c_limit,dpr_auto,f_auto,q_auto:low,w_auto/d_ecommerce:backend-fallback.png/MAT_109473_PCE_LV",Maizes produkti,1.89
Kūciņas Cielaviņa 6 gab. 150g,491.9,30.3,0,48.7,0,6.4,0,31.93,"https://rimibaltic-res.cloudinary.com/image/upload/b_white,c_limit,dpr_auto,f_auto,q_auto:low,w_auto/d_ecommerce:backend-fallback.png/MAT_279725_PCE_LV",Maizes produkti,4.79
Sausiņi ar vanilīnu 300g,261.0,4.8,0,47.8,16.9,6,0.4,4.63,"https://rimibaltic-res.cloudinary.com/image/upload/b_white,c_limit,dpr_auto,f_auto,q_auto:low,w_auto/d_ecommerce:backend-fallback.png/MAT_900610_PCE_LV",Maizes produkti,1.39
Maizītes Fazer Street Food gaišās doniņas 220g,287.0,7.2,1.3,37,3,15,1.1,6.59,"https://rimibaltic-res.cloudinary.com/image/upload/b_white,c_limit,dpr_auto,f_auto,q_auto:low,w_auto/d_ecommerce:backend-fallback.png/MAT_4001935_PCE_LV",Maizes produkti,1.45
Pica ar šķiņķi 380g,235.7,7.5,3,31.9,2.5,9.9,1.6,9.45,"https://rimibaltic-res.cloudinary.com/image/upload/b_white,c_limit,dpr_auto,f_auto,q_auto:low,w_auto/d_ecommerce:backend-fallback.png/MAT_229092_PCE_LV",Maizes produkti,3.59
Sausbaranciņas Mario siera gredzentiņi 200g,337.7,6.1,0,59.3,0,11.4,0,7.45,"https://rimibaltic-res.cloudinary.com/image/upload/b_white,c_limit,dpr_auto,f_auto,q_auto:low,w_auto/d_ecommerce:backend-fallback.png/MAT_280647_PCE_LV",Maizes produkti,1.49
Rīvmaize Lāči īsta kviešu 400g,392.9,5.8,0,78.8,0,11.1,0,8.87,"https://rimibaltic-res.cloudinary.com/image/upload/b_white,c_limit,dpr_auto,f_auto,q_auto:low,w_auto/d_ecommerce:backend-fallback.png/MAT_166728_PCE_LV",Maizes produkti,3.55
Sausmaizītes Rimi auzu 120g,412.0,9.4,1.3,65,3.7,13,1.3,16.58,"https://rimibaltic-res.cloudinary.com/image/upload/b_white,c_limit,dpr_auto,f_auto,q_auto:low,w_auto/d_ecommerce:backend-fallback.png/MAT_811329_PCE_LV",Maizes produkti,1.99
Kūka Kūko zemeņu un rabarberu 320g,242.8,8.4,4.9,38,24,3.8,0.4,14.34,"https://rimibaltic-res.cloudinary.com/image/upload/b_white,c_limit,dpr_auto,f_auto,q_auto:low,w_auto/d_ecommerce:backend-fallback.png/MAT_4001098_PCE_LV",Maizes produkti,4.59
Kūka Napoleons 600g,327.0,19.7,0,40.5,0,5.1,0,11.32,"https://rimibaltic-res.cloudinary.com/image/upload/b_white,c_limit,dpr_auto,f_auto,q_auto:low,w_auto/d_ecommerce:backend-fallback.png/MAT_286103_PCE_LV",Maizes produkti,6.79
Rulete Rulē aveņu 300g,362.1,13.3,7.9,54.2,36.5,6,0.3,14.97,"https://rimibaltic-res.cloudinary.com/image/upload/b_white,c_limit,dpr_auto,f_auto,q_auto:low,w_auto/d_ecommerce:backend-fallback.png/MAT_965212_PCE_LV",Maizes produkti,4.49
Sausbaranciņas Mario Bērnu 150g,395.8,7.8,0.5,67.3,5.8,11.2,0.9,5.27,"https://rimibaltic-res.cloudinary.com/image/upload/b_white,c_limit,dpr_auto,f_auto,q_auto:low,w_auto/d_ecommerce:backend-fallback.png/MAT_1016691_PCE_LV",Maizes produkti,0.79
Kūka Umka 100g,409.4,27,11.4,39.6,29,4.1,0.2,14.9,"https://rimibaltic-res.cloudinary.com/image/upload/b_white,c_limit,dpr_auto,f_auto,q_auto:low,w_auto/d_ecommerce:backend-fallback.png/MAT_910577_PCE_LV",Maizes produkti,1.49
Rulete Staburadze šokolādes 400g,452.9,18,9.1,66,40,6.3,0.2,16.97,"https://rimibaltic-res.cloudinary.com/image/upload/b_white,c_limit,dpr_auto,f_auto,q_auto:low,w_auto/d_ecommerce:backend-fallback.png/MAT_968073_PCE_LV",Maizes produkti,6.79
Rudzu maize Dona 650g,268.4,1.3,0.2,58.7,5,5.6,1.1,2.23,"https://rimibaltic-res.cloudinary.com/image/upload/b_white,c_limit,dpr_auto,f_auto,q_auto:low,w_auto/d_ecommerce:backend-fallback.png/MAT_280819_PCE_LV",Maizes produkti,1.45
"WASA rudzu sausmaizītes Original, 275g",336.0,1.5,0.4,61.5,1,9,0,9.78,"https://rimibaltic-res.cloudinary.com/image/upload/b_white,c_limit,dpr_auto,f_auto,q_auto:low,w_auto/d_ecommerce:backend-fallback.png/MAT_108121_PCE_LV",Maizes produkti,2.69
Rulete Rimi dzērveņu 300g,323.1,12,7.6,47.6,30.3,5.2,0.5,11.97,"https://rimibaltic-res.cloudinary.com/image/upload/b_white,c_limit,dpr_auto,f_auto,q_auto:low,w_auto/d_ecommerce:backend-fallback.png/MAT_806972_PCE_LV",Maizes produkti,3.59
Maizes stienīši Gualino sezama 125g,402.7,6.5,1,75,4.5,10,2.5,10.8,"https://rimibaltic-res.cloudinary.com/image/upload/b_white,c_limit,dpr_auto,f_auto,q_auto:low,w_auto/d_ecommerce:backend-fallback.png/MAT_919899_PCE_LV",Maizes produkti,1.35
Maize pilnrudzu 400g,232.1,0.8,0,48,8.4,5,1,6.72,"https://rimibaltic-res.cloudinary.com/image/upload/b_white,c_limit,dpr_auto,f_auto,q_auto:low,w_auto/d_ecommerce:backend-fallback.png/MAT_939137_PCE_LV",Maizes produkti,2.69
Sausiņi Rimi vaniļas 500g,430.9,9.1,0.1,74.4,16.4,10.7,0.9,3.98,"https://rimibaltic-res.cloudinary.com/image/upload/b_white,c_limit,dpr_auto,f_auto,q_auto:low,w_auto/d_ecommerce:backend-fallback.png/MAT_809092_PCE_LV",Maizes produkti,1.99
Tostermaize Tostē mazā sēklu 250g,308.1,8.5,0.4,44,2.3,10.8,1.1,4.36,"https://rimibaltic-res.cloudinary.com/image/upload/b_white,c_limit,dpr_auto,f_auto,q_auto:low,w_auto/d_ecommerce:backend-fallback.png/MAT_981717_PCE_LV",Maizes produkti,1.09
"Virtulis Mantinga ar ķiršu pildījumu, atkausēts 65g",379.1,19.1,9.8,45,19.2,4.1,0.4,10.0,"https://rimibaltic-res.cloudinary.com/image/upload/b_white,c_limit,dpr_auto,f_auto,q_auto:low,w_auto/d_ecommerce:backend-fallback.png/MAT_4001818_PCE_LV",Maizes produkti,0.65
Plātskūka rabarberu atlaidināta 650g,411.1,21.8,5.3,47.3,23.2,5.3,0.2,5.37,"https://rimibaltic-res.cloudinary.com/image/upload/b_white,c_limit,dpr_auto,f_auto,q_auto:low,w_auto/d_ecommerce:backend-fallback.png/MAT_968670_PCE_LV",Maizes produkti,3.49
Mafins ar brūkleņu pildījumu 90g,422.8,22,2.9,52,29,4.5,0.8,8.33,"https://rimibaltic-res.cloudinary.com/image/upload/b_white,c_limit,dpr_auto,f_auto,q_auto:low,w_auto/d_ecommerce:backend-fallback.png/MAT_4005857_PCE_LV",Maizes produkti,0.75
Sausiņi mini Siguldas maiznieks ar rozīnēm 200g,253.1,4.1,0,47.7,15.7,5.8,0.4,4.95,"https://rimibaltic-res.cloudinary.com/image/upload/b_white,c_limit,dpr_auto,f_auto,q_auto:low,w_auto/d_ecommerce:backend-fallback.png/MAT_141502_PCE_LV",Maizes produkti,0.99
Hamburgers maxi 300g,291.1,4.8,0,50,8,9,1.2,6.83,"https://rimibaltic-res.cloudinary.com/image/upload/b_white,c_limit,dpr_auto,f_auto,q_auto:low,w_auto/d_ecommerce:backend-fallback.png/MAT_177180_PCE_LV",Maizes produkti,2.05
Rīvmaize Lāči rudzu 400g,386.0,2.3,0.3,84.3,10.5,8.3,1.7,10.47,"https://rimibaltic-res.cloudinary.com/image/upload/b_white,c_limit,dpr_auto,f_auto,q_auto:low,w_auto/d_ecommerce:backend-fallback.png/MAT_217876_PCE_LV",Maizes produkti,4.19
Sausiņi Rimi ar rozīnēm 200g,397.9,8.2,0.6,69.8,13.6,9.3,0.8,5.75,"https://rimibaltic-res.cloudinary.com/image/upload/b_white,c_limit,dpr_auto,f_auto,q_auto:low,w_auto/d_ecommerce:backend-fallback.png/MAT_809401_PCE_LV",Maizes produkti,1.15
"Kūka Napoleons 1,2 kg",355.6,23,13.3,33.7,14.5,3.4,0.4,8.66,"https://rimibaltic-res.cloudinary.com/image/upload/b_white,c_limit,dpr_auto,f_auto,q_auto:low,w_auto/d_ecommerce:backend-fallback.png/MAT_912575_PCE_LV",Maizes produkti,10.39
Kūka Kūko ķiršu 320g,259.1,12.6,5.8,32.2,21.5,4.1,0.5,12.97,"https://rimibaltic-res.cloudinary.com/image/upload/b_white,c_limit,dpr_auto,f_auto,q_auto:low,w_auto/d_ecommerce:backend-fallback.png/MAT_955792_PCE_LV",Maizes produkti,4.15
Kūka Kūko medus-karameļu 300g,300.9,8.8,4.7,49.5,27.6,5.1,0.7,14.97,"https://rimibaltic-res.cloudinary.com/image/upload/b_white,c_limit,dpr_auto,f_auto,q_auto:low,w_auto/d_ecommerce:backend-fallback.png/MAT_968880_PCE_LV",Maizes produkti,4.49
Virtulis Panna Cotta ar dubulto pildījumu atkausēts 69g,412.0,24,14,42,21,5.6,0.8,14.35,"https://rimibaltic-res.cloudinary.com/image/upload/b_white,c_limit,dpr_auto,f_auto,q_auto:low,w_auto/d_ecommerce:backend-fallback.png/MAT_980887_PCE_LV",Maizes produkti,0.99
Riduto sausmaizītes Danvita ar Sēklām 130g,395.1,7,1.2,70,4,14,0,11.46,"https://rimibaltic-res.cloudinary.com/image/upload/b_white,c_limit,dpr_auto,f_auto,q_auto:low,w_auto/d_ecommerce:backend-fallback.png/MAT_286218_PCE_LV",Maizes produkti,1.49
Virtulis Konfeti atkausēts 61g,457.0,28,17,45,22,4.3,0.9,14.59,"https://rimibaltic-res.cloudinary.com/image/upload/b_white,c_limit,dpr_auto,f_auto,q_auto:low,w_auto/d_ecommerce:backend-fallback.png/MAT_980888_PCE_LV",Maizes produkti,0.89
Lavašs Gruzīnu ovāls 200g,194.8,0.5,0,44,0,6.1,0,7.95,"https://rimibaltic-res.cloudinary.com/image/upload/b_white,c_limit,dpr_auto,f_auto,q_auto:low,w_auto/d_ecommerce:backend-fallback.png/MAT_291056_PCE_LV",Maizes produkti,1.59
Kēkss Lāči ar marcipānu 270g,379.3,21.5,2.4,42.1,19,3.6,0,12.56,"https://rimibaltic-res.cloudinary.com/image/upload/b_white,c_limit,dpr_auto,f_auto,q_auto:low,w_auto/d_ecommerce:backend-fallback.png/MAT_292785_PCE_LV",Maizes produkti,3.39
Grauzdiņi Piknika ar ķiplokiem 150g,373.1,18.9,1.4,42.3,6.9,6,1.1,13.0,"https://rimibaltic-res.cloudinary.com/image/upload/b_white,c_limit,dpr_auto,f_auto,q_auto:low,w_auto/d_ecommerce:backend-fallback.png/MAT_909807_PCE_LV",Maizes produkti,1.95
Kūka Kūkotava ar svaigā siera krēmu 700g,318.8,20.5,12.7,29.5,24.4,4.2,0.3,14.13,"https://rimibaltic-res.cloudinary.com/image/upload/b_white,c_limit,dpr_auto,f_auto,q_auto:low,w_auto/d_ecommerce:backend-fallback.png/MAT_905537_PCE_LV",Maizes produkti,9.89
"Kruasāns 7 Days ar vaniļas, cepumu pildījumu 60g",484.0,30,16,47,19,6,0.5,12.5,"https://rimibaltic-res.cloudinary.com/image/upload/b_white,c_limit,dpr_auto,f_auto,q_auto:low,w_auto/d_ecommerce:backend-fallback.png/MAT_959616_PCE_LV",Maizes produkti,0.75
Eklēru izlase MIX 300g,509.1,37.7,22.4,35.1,23.6,7.2,0.4,16.63,"https://rimibaltic-res.cloudinary.com/image/upload/b_white,c_limit,dpr_auto,f_auto,q_auto:low,w_auto/d_ecommerce:backend-fallback.png/MAT_968517_PCE_LV",Maizes produkti,4.99
Virtulis ar jāņogu - aveņu pildījumu atkausēts 70g,409.4,23,12,45,13,4.7,0.7,12.71,"https://rimibaltic-res.cloudinary.com/image/upload/b_white,c_limit,dpr_auto,f_auto,q_auto:low,w_auto/d_ecommerce:backend-fallback.png/MAT_986843_PCE_LV",Maizes produkti,0.89
Kūka Rimi Napoleons 400g,351.8,24,13,30,13,4,0.4,8.72,"https://rimibaltic-res.cloudinary.com/image/upload/b_white,c_limit,dpr_auto,f_auto,q_auto:low,w_auto/d_ecommerce:backend-fallback.png/MAT_810059_PCE_LV",Maizes produkti,3.49
Kūka Kūko! aveņu 400g,243.1,7.1,4.5,39.5,22.3,4.6,0.2,13.72,"https://rimibaltic-res.cloudinary.com/image/upload/b_white,c_limit,dpr_auto,f_auto,q_auto:low,w_auto/d_ecommerce:backend-fallback.png/MAT_941040_PCE_LV",Maizes produkti,5.49
Sausmaizītes ar sieru un ķirbju sēklām 200g,463.4,21,4.9,45,2.1,19,2,19.45,"https://rimibaltic-res.cloudinary.com/image/upload/b_white,c_limit,dpr_auto,f_auto,q_auto:low,w_auto/d_ecommerce:backend-fallback.png/MAT_950444_PCE_LV",Maizes produkti,3.89
Virtulis ar krēmīgā siera pildījumu atkausēts 68g,362.1,18,10,45,15,5,0.8,13.09,"https://rimibaltic-res.cloudinary.com/image/upload/b_white,c_limit,dpr_auto,f_auto,q_auto:low,w_auto/d_ecommerce:backend-fallback.png/MAT_933593_PCE_LV",Maizes produkti,0.89
Kebabu maizīte Prima Foods pilngraudu 210g,284.7,2.3,0.2,55,4.3,8.1,1.4,5.67,"https://rimibaltic-res.cloudinary.com/image/upload/b_white,c_limit,dpr_auto,f_auto,q_auto:low,w_auto/d_ecommerce:backend-fallback.png/MAT_996288_PCE_LV",Maizes produkti,1.19
Kliju tostermaize Latvijas Zeltene 350g,251.0,2.4,0.3,43.5,1.2,9.9,1,2.54,"https://rimibaltic-res.cloudinary.com/image/upload/b_white,c_limit,dpr_auto,f_auto,q_auto:low,w_auto/d_ecommerce:backend-fallback.png/MAT_4001107_PCE_LV",Maizes produkti,0.89
Saldā čili burgeru maize Maiziņš 240g,340.1,4.1,1.2,59.7,2.2,12.9,2.8,6.67,"https://rimibaltic-res.cloudinary.com/image/upload/b_white,c_limit,dpr_auto,f_auto,q_auto:low,w_auto/d_ecommerce:backend-fallback.png/MAT_4003767_PCE_LV",Maizes produkti,1.6
Torte plūmju pēc franču receptes 1kg,369.3,25,15,32,10,4,0.2,10.79,"https://rimibaltic-res.cloudinary.com/image/upload/b_white,c_limit,dpr_auto,f_auto,q_auto:low,w_auto/d_ecommerce:backend-fallback.png/MAT_284827_PCE_LV",Maizes produkti,10.79
Skudrupūznīši ar iebiezinātu pienu 300g,420.9,18,9.4,58,32,6.4,0.1,15.63,"https://rimibaltic-res.cloudinary.com/image/upload/b_white,c_limit,dpr_auto,f_auto,q_auto:low,w_auto/d_ecommerce:backend-fallback.png/MAT_903316_PCE_LV",Maizes produkti,4.69
Kēksi Magdalēnas 250g,441.9,20.4,1.3,56,28.6,0,0.1,11.8,"https://rimibaltic-res.cloudinary.com/image/upload/b_white,c_limit,dpr_auto,f_auto,q_auto:low,w_auto/d_ecommerce:backend-fallback.png/MAT_908919_PCE_LV",Maizes produkti,2.95
Gaišā rudzu saldskābmaize Latvijas Zeltene 800g,239.5,1.5,0.2,46.4,3.9,7.1,0.9,1.81,"https://rimibaltic-res.cloudinary.com/image/upload/b_white,c_limit,dpr_auto,f_auto,q_auto:low,w_auto/d_ecommerce:backend-fallback.png/MAT_968584_PCE_LV",Maizes produkti,1.45
Rupjmaize Dona sprīdīšu 250g,265.1,1.3,0,56.2,4.7,7.2,0.9,5.16,"https://rimibaltic-res.cloudinary.com/image/upload/b_white,c_limit,dpr_auto,f_auto,q_auto:low,w_auto/d_ecommerce:backend-fallback.png/MAT_966230_PCE_LV",Maizes produkti,1.29
Siera kūka Staburadze zemeņu 700g,303.1,16,9.6,35,25,4.5,0.5,17.84,"https://rimibaltic-res.cloudinary.com/image/upload/b_white,c_limit,dpr_auto,f_auto,q_auto:low,w_auto/d_ecommerce:backend-fallback.png/MAT_980832_PCE_LV",Maizes produkti,12.49
Štricele Dona šokolādes 250g,358.0,14.8,3.4,50.3,11.6,5.9,0.4,7.96,"https://rimibaltic-res.cloudinary.com/image/upload/b_white,c_limit,dpr_auto,f_auto,q_auto:low,w_auto/d_ecommerce:backend-fallback.png/MAT_980787_PCE_LV",Maizes produkti,1.99
Kūka Vīnes šokolādes  350g,300.9,15.7,5.6,34.2,23.2,5.1,0.7,11.4,"https://rimibaltic-res.cloudinary.com/image/upload/b_white,c_limit,dpr_auto,f_auto,q_auto:low,w_auto/d_ecommerce:backend-fallback.png/MAT_286621_PCE_LV",Maizes produkti,3.99
Sīpolmaize 270g,302.1,6.2,2.5,54.7,4.7,6.2,0,5.15,"https://rimibaltic-res.cloudinary.com/image/upload/b_white,c_limit,dpr_auto,f_auto,q_auto:low,w_auto/d_ecommerce:backend-fallback.png/MAT_915189_PCE_LV",Maizes produkti,1.39
Grauzdiņi piknika ar kaltētiem tomātiem 150g,272.2,2.8,0.5,51.5,5.1,8.1,1.1,13.27,"https://rimibaltic-res.cloudinary.com/image/upload/b_white,c_limit,dpr_auto,f_auto,q_auto:low,w_auto/d_ecommerce:backend-fallback.png/MAT_918170_PCE_LV",Maizes produkti,1.99
Kūciņas Minitosca 240g,469.6,28,10,47,35,5,0,13.29,"https://rimibaltic-res.cloudinary.com/image/upload/b_white,c_limit,dpr_auto,f_auto,q_auto:low,w_auto/d_ecommerce:backend-fallback.png/MAT_903060_PCE_LV",Maizes produkti,3.19
Daudzsēklu maize šķēlēs 300g,258.8,8.5,1.2,34,1.6,11.2,0.9,6.5,"https://rimibaltic-res.cloudinary.com/image/upload/b_white,c_limit,dpr_auto,f_auto,q_auto:low,w_auto/d_ecommerce:backend-fallback.png/MAT_977159_PCE_LV",Maizes produkti,1.95
"Sausmaizītes Danvita ar sieru, ķiplokiem 130g",378.6,2.5,0.6,76,0,13,2.8,15.31,"https://rimibaltic-res.cloudinary.com/image/upload/b_white,c_limit,dpr_auto,f_auto,q_auto:low,w_auto/d_ecommerce:backend-fallback.png/MAT_295164_PCE_LV",Maizes produkti,1.99
"Rudzu maize Dona Pilsētnieku, sagriezta 400g",326.5,5.8,0.5,58.2,7.8,6.4,0.7,3.47,"https://rimibaltic-res.cloudinary.com/image/upload/b_white,c_limit,dpr_auto,f_auto,q_auto:low,w_auto/d_ecommerce:backend-fallback.png/MAT_996404_PCE_LV",Maizes produkti,1.39
Torte krējuma Pellija Umka 1kg,360.9,20.6,0,39.9,0,4.1,0,10.99,"https://rimibaltic-res.cloudinary.com/image/upload/b_white,c_limit,dpr_auto,f_auto,q_auto:low,w_auto/d_ecommerce:backend-fallback.png/MAT_274883_PCE_LV",Maizes produkti,10.99
Torte Pellija Karaliene 1kg,418.0,24,11,46,26,5.2,0.1,10.79,"https://rimibaltic-res.cloudinary.com/image/upload/b_white,c_limit,dpr_auto,f_auto,q_auto:low,w_auto/d_ecommerce:backend-fallback.png/MAT_278327_PCE_LV",Maizes produkti,10.79
Rudzu maize Jumis 3 iesalu bez rauga 390g,246.9,1.9,0.6,46.9,6,6.7,1,2.54,"https://rimibaltic-res.cloudinary.com/image/upload/b_white,c_limit,dpr_auto,f_auto,q_auto:low,w_auto/d_ecommerce:backend-fallback.png/MAT_986826_PCE_LV",Maizes produkti,0.99
Grauzdiņi Mario sīpoli un krējums 180g,500.5,24.1,1.6,59.8,4.4,8.6,2.3,9.94,"https://rimibaltic-res.cloudinary.com/image/upload/b_white,c_limit,dpr_auto,f_auto,q_auto:low,w_auto/d_ecommerce:backend-fallback.png/MAT_4003486_PCE_LV",Maizes produkti,1.79
Virtulis Sour Bubble Gum ar meža ogu pildījumu 65g,353.3,17,8.2,45,22,4.3,0.5,8.46,"https://rimibaltic-res.cloudinary.com/image/upload/b_white,c_limit,dpr_auto,f_auto,q_auto:low,w_auto/d_ecommerce:backend-fallback.png/MAT_4005976_PCE_LV",Maizes produkti,0.55
Virtulis Ring of Sour ar zemeņu garšu 65g,372.1,19.6,8.9,43,21.4,4.1,0.4,8.46,"https://rimibaltic-res.cloudinary.com/image/upload/b_white,c_limit,dpr_auto,f_auto,q_auto:low,w_auto/d_ecommerce:backend-fallback.png/MAT_4005995_PCE_LV",Maizes produkti,0.55
Sausiņi Flora ar vanilīnu 180g,415.6,9.1,0.5,71,17.5,9.8,1,7.72,"https://rimibaltic-res.cloudinary.com/image/upload/b_white,c_limit,dpr_auto,f_auto,q_auto:low,w_auto/d_ecommerce:backend-fallback.png/MAT_900602_PCE_LV",Maizes produkti,1.39
Griljāžas kūka Lāči riekstu 500g,427.8,25.7,5.1,44.2,25.9,5.2,0.8,17.18,"https://rimibaltic-res.cloudinary.com/image/upload/b_white,c_limit,dpr_auto,f_auto,q_auto:low,w_auto/d_ecommerce:backend-fallback.png/MAT_298056_PCE_LV",Maizes produkti,8.59
Kūka Kūko Rabarberu 230g,284.9,11,2.1,42,21,3.8,0.7,16.48,"https://rimibaltic-res.cloudinary.com/image/upload/b_white,c_limit,dpr_auto,f_auto,q_auto:low,w_auto/d_ecommerce:backend-fallback.png/MAT_4001416_PCE_LV",Maizes produkti,3.79
Sausbaranciņas ar vanilīnu glazētas 250g,337.2,5.1,0,64.2,0,8.7,0,7.8,"https://rimibaltic-res.cloudinary.com/image/upload/b_white,c_limit,dpr_auto,f_auto,q_auto:low,w_auto/d_ecommerce:backend-fallback.png/MAT_270158_PCE_LV",Maizes produkti,1.95
"Šokolādes kūka Vīnes 1,1kg",300.9,15.7,5.6,34.2,23.2,5.1,0.7,9.08,"https://rimibaltic-res.cloudinary.com/image/upload/b_white,c_limit,dpr_auto,f_auto,q_auto:low,w_auto/d_ecommerce:backend-fallback.png/MAT_910394_PCE_LV",Maizes produkti,9.99
Sausiņi Daugulis ar rozīnēm un ananāsu gabaliņiem 230g,384.3,7.8,0.7,69.4,27.5,6.8,0.2,10.22,"https://rimibaltic-res.cloudinary.com/image/upload/b_white,c_limit,dpr_auto,f_auto,q_auto:low,w_auto/d_ecommerce:backend-fallback.png/MAT_995315_PCE_LV",Maizes produkti,2.35
Eklēru izlase Liepkalni vaniļas un melleņu 300g,489.7,32.9,16.9,41.8,28.7,7.2,0.6,19.97,"https://rimibaltic-res.cloudinary.com/image/upload/b_white,c_limit,dpr_auto,f_auto,q_auto:low,w_auto/d_ecommerce:backend-fallback.png/MAT_4004827_PCE_LV",Maizes produkti,5.99
Torte Lāči Pilsētniece 500g,406.3,26.8,5.5,35.6,9.6,4.9,0.5,21.18,"https://rimibaltic-res.cloudinary.com/image/upload/b_white,c_limit,dpr_auto,f_auto,q_auto:low,w_auto/d_ecommerce:backend-fallback.png/MAT_286432_PCE_LV",Maizes produkti,10.59
Šokolādes kūka Lāči ar ķiršiem 500g,403.0,22.4,3.4,44.6,3.8,5.6,0,14.38,"https://rimibaltic-res.cloudinary.com/image/upload/b_white,c_limit,dpr_auto,f_auto,q_auto:low,w_auto/d_ecommerce:backend-fallback.png/MAT_921575_PCE_LV",Maizes produkti,7.19
Rudzu ķiplokmaize Sprīdīša 240g,224.9,1.1,0.1,46.6,2.5,7.2,1.3,5.79,"https://rimibaltic-res.cloudinary.com/image/upload/b_white,c_limit,dpr_auto,f_auto,q_auto:low,w_auto/d_ecommerce:backend-fallback.png/MAT_924165_PCE_LV",Maizes produkti,1.39
Eklēru izlase Liepkalni 360g,402.5,24.9,13.6,39.1,27.4,5.7,0.4,21.08,"https://rimibaltic-res.cloudinary.com/image/upload/b_white,c_limit,dpr_auto,f_auto,q_auto:low,w_auto/d_ecommerce:backend-fallback.png/MAT_929207_PCE_LV",Maizes produkti,7.59
Siera kūka Suntažu Barons šokolādes 700g,368.1,19,7.2,43,30,6,0.4,17.13,"https://rimibaltic-res.cloudinary.com/image/upload/b_white,c_limit,dpr_auto,f_auto,q_auto:low,w_auto/d_ecommerce:backend-fallback.png/MAT_977525_PCE_LV",Maizes produkti,11.99
Virtulis Donut Ring of Joy ar augļu pildījumu atkausēts 70g,380.5,20,9.9,45,21,4.4,0.4,9.29,"https://rimibaltic-res.cloudinary.com/image/upload/b_white,c_limit,dpr_auto,f_auto,q_auto:low,w_auto/d_ecommerce:backend-fallback.png/MAT_4002900_PCE_LV",Maizes produkti,0.65
Sausmaizītes Finn Crisp tradicionālās 200g,358.5,2.5,0.9,62,1.4,10,0.6,9.95,"https://rimibaltic-res.cloudinary.com/image/upload/b_white,c_limit,dpr_auto,f_auto,q_auto:low,w_auto/d_ecommerce:backend-fallback.png/MAT_105298_PCE_LV",Maizes produkti,1.99
Kēkss ar žāvētiem augļiem 400g,354.9,15.7,5.1,48.3,17.5,4.7,0.1,6.72,"https://rimibaltic-res.cloudinary.com/image/upload/b_white,c_limit,dpr_auto,f_auto,q_auto:low,w_auto/d_ecommerce:backend-fallback.png/MAT_153915_PCE_LV",Maizes produkti,2.69
Torte Tedijs 1kg,362.1,20,8,39,19,4,0.2,8.99,"https://rimibaltic-res.cloudinary.com/image/upload/b_white,c_limit,dpr_auto,f_auto,q_auto:low,w_auto/d_ecommerce:backend-fallback.png/MAT_287129_PCE_LV",Maizes produkti,8.99
Saldskābmaize Kuldīgas Garšīgā ar plūmēm sagriezta 400g,296.6,0.9,0.1,63.4,10.5,5.2,1.3,6.22,"https://rimibaltic-res.cloudinary.com/image/upload/b_white,c_limit,dpr_auto,f_auto,q_auto:low,w_auto/d_ecommerce:backend-fallback.png/MAT_900989_PCE_LV",Maizes produkti,2.49
"WASA kviešu sausmaizītes Sesam, 200g",403.2,9.5,2.5,61.5,2,13.5,0,12.95,"https://rimibaltic-res.cloudinary.com/image/upload/b_white,c_limit,dpr_auto,f_auto,q_auto:low,w_auto/d_ecommerce:backend-fallback.png/MAT_108120_PCE_LV",Maizes produkti,2.59
Sausmaizītes Flint ar siera garšu 90g,425.7,9.9,1.4,72.7,6.4,10.5,2.1,9.44,"https://rimibaltic-res.cloudinary.com/image/upload/b_white,c_limit,dpr_auto,f_auto,q_auto:low,w_auto/d_ecommerce:backend-fallback.png/MAT_996227_PCE_LV",Maizes produkti,0.85
Hotdogu Dan Cake maizītes 250g,278.9,4,1,50,7.5,8.5,1.3,7.4,"https://rimibaltic-res.cloudinary.com/image/upload/b_white,c_limit,dpr_auto,f_auto,q_auto:low,w_auto/d_ecommerce:backend-fallback.png/MAT_996424_PCE_LV",Maizes produkti,1.85
Torte Lāči valriekstu 480g,420.4,25.2,11.5,41.9,33.1,6.4,0.2,24.98,"https://rimibaltic-res.cloudinary.com/image/upload/b_white,c_limit,dpr_auto,f_auto,q_auto:low,w_auto/d_ecommerce:backend-fallback.png/MAT_4004829_PCE_LV",Maizes produkti,11.99
Tostermaize Latvijas Tost Maize rudzu ierauga 450g,300.7,2.2,0.3,57.3,0.5,10.1,1.4,3.53,"https://rimibaltic-res.cloudinary.com/image/upload/b_white,c_limit,dpr_auto,f_auto,q_auto:low,w_auto/d_ecommerce:backend-fallback.png/MAT_4005092_PCE_LV",Maizes produkti,1.59
Torte medus Lāči 500g,259.3,8.3,3.2,40.4,25.8,5.1,0,15.98,"https://rimibaltic-res.cloudinary.com/image/upload/b_white,c_limit,dpr_auto,f_auto,q_auto:low,w_auto/d_ecommerce:backend-fallback.png/MAT_287443_PCE_LV",Maizes produkti,7.99
Mazie eklēri ar brūno šokolādi 300g,521.7,37.4,22.3,38.5,27,6.9,0.4,23.3,"https://rimibaltic-res.cloudinary.com/image/upload/b_white,c_limit,dpr_auto,f_auto,q_auto:low,w_auto/d_ecommerce:backend-fallback.png/MAT_907909_PCE_LV",Maizes produkti,6.99
Tostermaize Tostē mazā 250g,278.0,4.4,0.5,50,3.6,8.6,1.1,3.96,"https://rimibaltic-res.cloudinary.com/image/upload/b_white,c_limit,dpr_auto,f_auto,q_auto:low,w_auto/d_ecommerce:backend-fallback.png/MAT_979109_PCE_LV",Maizes produkti,0.99
Torte šokolādes 900g,124.0,5,3,18,13,3,0,10.99,"https://rimibaltic-res.cloudinary.com/image/upload/b_white,c_limit,dpr_auto,f_auto,q_auto:low,w_auto/d_ecommerce:backend-fallback.png/MAT_213599_PCE_LV",Maizes produkti,9.89
Maize Spēka ar graudiem bez rauga 500g,275.3,3.2,0.3,49.6,6,7.2,1,3.78,"https://rimibaltic-res.cloudinary.com/image/upload/b_white,c_limit,dpr_auto,f_auto,q_auto:low,w_auto/d_ecommerce:backend-fallback.png/MAT_284561_PCE_LV",Maizes produkti,1.89
Rulete ar želejas gabaliņiem 300g,387.4,15.1,7,57.7,51.3,4.9,0.3,11.97,"https://rimibaltic-res.cloudinary.com/image/upload/b_white,c_limit,dpr_auto,f_auto,q_auto:low,w_auto/d_ecommerce:backend-fallback.png/MAT_296403_PCE_LV",Maizes produkti,3.59
Graudu maize Kuldīgas Garšīgais ķieģelis sagriezta 310g,266.3,3.3,0.3,49.1,5.8,6.8,1.2,6.42,"https://rimibaltic-res.cloudinary.com/image/upload/b_white,c_limit,dpr_auto,f_auto,q_auto:low,w_auto/d_ecommerce:backend-fallback.png/MAT_284607_PCE_LV",Maizes produkti,1.99
Sausmaizītes Flint ar krējuma mērces un zaļumu garšu 90g,425.7,9.9,1.4,72.7,6.4,10.5,2.1,10.22,"https://rimibaltic-res.cloudinary.com/image/upload/b_white,c_limit,dpr_auto,f_auto,q_auto:low,w_auto/d_ecommerce:backend-fallback.png/MAT_996226_PCE_LV",Maizes produkti,0.92
Kūka Latvijas Maiznieks Vējo putukrējuma ar želejas gabaliņiem 450g,381.2,22.9,15.7,39.2,18.8,4.4,0.7,15.89,"https://rimibaltic-res.cloudinary.com/image/upload/b_white,c_limit,dpr_auto,f_auto,q_auto:low,w_auto/d_ecommerce:backend-fallback.png/MAT_929793_PCE_LV",Maizes produkti,7.15
Kēkss Lāči apelsīnu 270g,373.3,20,4.1,41,22,6.1,0.9,17.37,"https://rimibaltic-res.cloudinary.com/image/upload/b_white,c_limit,dpr_auto,f_auto,q_auto:low,w_auto/d_ecommerce:backend-fallback.png/MAT_4001341_PCE_LV",Maizes produkti,4.69
Biezpiena kūka Lāči mājas ar avenēm 600g,578.4,40,20.5,43,41,12.8,0.2,18.32,"https://rimibaltic-res.cloudinary.com/image/upload/b_white,c_limit,dpr_auto,f_auto,q_auto:low,w_auto/d_ecommerce:backend-fallback.png/MAT_4003948_PCE_LV",Maizes produkti,10.99
Torte Ineses Biezpiena deserts 550g,302.1,15.1,8.9,31.5,29.2,10.7,0,13.8,"https://rimibaltic-res.cloudinary.com/image/upload/b_white,c_limit,dpr_auto,f_auto,q_auto:low,w_auto/d_ecommerce:backend-fallback.png/MAT_925072_PCE_LV",Maizes produkti,7.59
Kūciņas Cielaviņa 2x25g,477.1,30,8.5,46,36,5.8,0,39.0,"https://rimibaltic-res.cloudinary.com/image/upload/b_white,c_limit,dpr_auto,f_auto,q_auto:low,w_auto/d_ecommerce:backend-fallback.png/MAT_953126_PCE_LV",Maizes produkti,1.95
Īstā medus kūka Medus pļava 700g,256.9,14,5.5,29,15,4.2,0.4,18.56,"https://rimibaltic-res.cloudinary.com/image/upload/b_white,c_limit,dpr_auto,f_auto,q_auto:low,w_auto/d_ecommerce:backend-fallback.png/MAT_977527_PCE_LV",Maizes produkti,12.99
Mīkstās barankas Mario ar iebiezināto pienu 300g,352.5,6.7,0.4,61.7,12.7,8.9,0.7,6.63,"https://rimibaltic-res.cloudinary.com/image/upload/b_white,c_limit,dpr_auto,f_auto,q_auto:low,w_auto/d_ecommerce:backend-fallback.png/MAT_996201_PCE_LV",Maizes produkti,1.99
Krēma pikas Tortīne ar sāļo karameli 220g,403.4,26.9,20.9,36.3,28.9,4.3,0.7,25.41,"https://rimibaltic-res.cloudinary.com/image/upload/b_white,c_limit,dpr_auto,f_auto,q_auto:low,w_auto/d_ecommerce:backend-fallback.png/MAT_4001121_PCE_LV",Maizes produkti,5.59
Kūka Pellia a Gusto Šveices ar lazdu riekstiem 400g,531.3,36,9.1,45.7,35.2,5.2,0.4,12.47,"https://rimibaltic-res.cloudinary.com/image/upload/b_white,c_limit,dpr_auto,f_auto,q_auto:low,w_auto/d_ecommerce:backend-fallback.png/MAT_4004832_PCE_LV",Maizes produkti,4.99
Torte Smiltene siera ar citronu krēmu 950g,325.3,23,15,25,17,5,0.2,9.99,"https://rimibaltic-res.cloudinary.com/image/upload/b_white,c_limit,dpr_auto,f_auto,q_auto:low,w_auto/d_ecommerce:backend-fallback.png/MAT_928193_PCE_LV",Maizes produkti,9.49
Tostermaize Tostē karstmaizēm 260g,288.0,5.8,0.9,46,6.2,11,1.5,5.19,"https://rimibaltic-res.cloudinary.com/image/upload/b_white,c_limit,dpr_auto,f_auto,q_auto:low,w_auto/d_ecommerce:backend-fallback.png/MAT_952563_PCE_LV",Maizes produkti,1.35
Smalkmaizītes Dance Cake piena (brioche) 320g,362.6,2.6,0.8,8,2.4,2,0.2,10.59,"https://rimibaltic-res.cloudinary.com/image/upload/b_white,c_limit,dpr_auto,f_auto,q_auto:low,w_auto/d_ecommerce:backend-fallback.png/MAT_1009807_PCE_LV",Maizes produkti,3.39
Grauzdiņi Gardie barbekjū 180g,390.3,22.2,0.7,40.6,0.3,5.7,0.8,11.06,"https://rimibaltic-res.cloudinary.com/image/upload/b_white,c_limit,dpr_auto,f_auto,q_auto:low,w_auto/d_ecommerce:backend-fallback.png/MAT_997490_PCE_LV",Maizes produkti,1.99
Kūka Kūko melleņu 340g,205.3,7.9,4.7,29,21,3.6,0.2,14.68,"https://rimibaltic-res.cloudinary.com/image/upload/b_white,c_limit,dpr_auto,f_auto,q_auto:low,w_auto/d_ecommerce:backend-fallback.png/MAT_4001099_PCE_LV",Maizes produkti,4.99
Sausmaizītes Fazer Street Food dārzeņu 120g,221.8,3.8,0.5,42.1,2.1,6.5,0.9,16.58,"https://rimibaltic-res.cloudinary.com/image/upload/b_white,c_limit,dpr_auto,f_auto,q_auto:low,w_auto/d_ecommerce:backend-fallback.png/MAT_4001991_PCE_LV",Maizes produkti,1.99
Kruasāni Milky Way 4gab. 192g,491.2,29,12,51,22,6.5,0.7,17.66,"https://rimibaltic-res.cloudinary.com/image/upload/b_white,c_limit,dpr_auto,f_auto,q_auto:low,w_auto/d_ecommerce:backend-fallback.png/MAT_4005192_PCE_LV",Maizes produkti,3.39
Maffins zemesriekstu un banānu 135g,451.2,27,4.5,44,24,8.5,0.5,8.81,"https://rimibaltic-res.cloudinary.com/image/upload/b_white,c_limit,dpr_auto,f_auto,q_auto:low,w_auto/d_ecommerce:backend-fallback.png/MAT_4005068_PCE_LV",Maizes produkti,1.19
Rupjmaize Kuldīgas sagriezta 600g,289.7,1.2,0.1,59,5.8,7.3,1.2,4.65,"https://rimibaltic-res.cloudinary.com/image/upload/b_white,c_limit,dpr_auto,f_auto,q_auto:low,w_auto/d_ecommerce:backend-fallback.png/MAT_292551_PCE_LV",Maizes produkti,2.79
Kūka Kūko mandarīnu citrona 600g,289.0,18,13,28,20,4,0.1,14.98,"https://rimibaltic-res.cloudinary.com/image/upload/b_white,c_limit,dpr_auto,f_auto,q_auto:low,w_auto/d_ecommerce:backend-fallback.png/MAT_995760_PCE_LV",Maizes produkti,8.99
Torte Ozoliņš Ieviņa biezpiena 1.2kg,293.7,14.8,4.9,33.7,11.6,6.4,0.1,9.16,"https://rimibaltic-res.cloudinary.com/image/upload/b_white,c_limit,dpr_auto,f_auto,q_auto:low,w_auto/d_ecommerce:backend-fallback.png/MAT_266944_PCE_LV",Maizes produkti,10.99
Kēksi Magdalenas ar zemeņu pildījumu 35g,441.9,20.4,1.3,56,28.6,6,0.1,18.57,"https://rimibaltic-res.cloudinary.com/image/upload/b_white,c_limit,dpr_auto,f_auto,q_auto:low,w_auto/d_ecommerce:backend-fallback.png/MAT_956194_PCE_LV",Maizes produkti,0.65
Kēksi Magdalenas ar šokolādes pildījumu 35g,439.5,24,4.5,51,31,5.1,1.1,18.57,"https://rimibaltic-res.cloudinary.com/image/upload/b_white,c_limit,dpr_auto,f_auto,q_auto:low,w_auto/d_ecommerce:backend-fallback.png/MAT_956195_PCE_LV",Maizes produkti,0.65
Sausiņi Flora ar cukurotām dzērvenēm 180g,456.0,8.6,0.5,81,20,11,1.1,8.28,"https://rimibaltic-res.cloudinary.com/image/upload/b_white,c_limit,dpr_auto,f_auto,q_auto:low,w_auto/d_ecommerce:backend-fallback.png/MAT_979250_PCE_LV",Maizes produkti,1.49
Torte Tortīne aveņu mango 630g,254.8,14.2,10.4,27.8,20.1,3.9,0.1,20.62,"https://rimibaltic-res.cloudinary.com/image/upload/b_white,c_limit,dpr_auto,f_auto,q_auto:low,w_auto/d_ecommerce:backend-fallback.png/MAT_995314_PCE_LV",Maizes produkti,12.99
Kruasāns ar karamelizēta piena pildījumu 210g,389.3,19,8.9,51.6,20.3,5.5,0.8,7.1,"https://rimibaltic-res.cloudinary.com/image/upload/b_white,c_limit,dpr_auto,f_auto,q_auto:low,w_auto/d_ecommerce:backend-fallback.png/MAT_995795_PCE_LV",Maizes produkti,1.49
Barankas Latvijas Maiznieks ar vaniļas garšu 280g,363.5,5.9,1,67,9.6,9.5,0.6,8.18,"https://rimibaltic-res.cloudinary.com/image/upload/b_white,c_limit,dpr_auto,f_auto,q_auto:low,w_auto/d_ecommerce:backend-fallback.png/MAT_996287_PCE_LV",Maizes produkti,2.29
Kekss Dabas maize dzērveņu 600g,561.7,16.3,0.9,54.5,44,2.7,0,9.98,"https://rimibaltic-res.cloudinary.com/image/upload/b_white,c_limit,dpr_auto,f_auto,q_auto:low,w_auto/d_ecommerce:backend-fallback.png/MAT_957622_PCE_LV",Maizes produkti,5.99
Kekss Dabas maize dzērveņu 600g,561.7,16.3,0.9,54.5,44,2.7,0,9.98,"https://rimibaltic-res.cloudinary.com/image/upload/b_white,c_limit,dpr_auto,f_auto,q_auto:low,w_auto/d_ecommerce:backend-fallback.png/MAT_957622_PCE_LV",Maizes produkti,5.99
Kruasāni Mars 4gab. 192g,482.8,28,10,51,23,6.6,0.7,17.66,"https://rimibaltic-res.cloudinary.com/image/upload/b_white,c_limit,dpr_auto,f_auto,q_auto:low,w_auto/d_ecommerce:backend-fallback.png/MAT_4005191_PCE_LV",Maizes produkti,3.39
Skāba krējuma torte Umka ar upenēm 700g,359.2,21.1,8.6,38.1,28,3.9,0.3,10.27,"https://rimibaltic-res.cloudinary.com/image/upload/b_white,c_limit,dpr_auto,f_auto,q_auto:low,w_auto/d_ecommerce:backend-fallback.png/MAT_4005538_PCE_LV",Maizes produkti,7.19
Sausmaizītes pilngraudu ar tomātiem un mozarellu 200g,408.9,13,3.7,50,3.1,17,2.2,19.95,"https://rimibaltic-res.cloudinary.com/image/upload/b_white,c_limit,dpr_auto,f_auto,q_auto:low,w_auto/d_ecommerce:backend-fallback.png/MAT_941320_PCE_LV",Maizes produkti,3.99
Siera kūka Staburadze melleņu 700g,293.0,17,10,30,18,4.8,0.5,16.41,"https://rimibaltic-res.cloudinary.com/image/upload/b_white,c_limit,dpr_auto,f_auto,q_auto:low,w_auto/d_ecommerce:backend-fallback.png/MAT_977243_PCE_LV",Maizes produkti,11.49
Barankas saldās 350g,341.1,4.3,1.6,66.2,33.1,7.6,0.9,10.83,"https://rimibaltic-res.cloudinary.com/image/upload/b_white,c_limit,dpr_auto,f_auto,q_auto:low,w_auto/d_ecommerce:backend-fallback.png/MAT_900660_PCE_LV",Maizes produkti,3.79
Bezē torte Lāči Ūdensroze ar mandelēm 500g,451.0,31.8,17.4,37.5,32.9,5.3,0.1,18.78,"https://rimibaltic-res.cloudinary.com/image/upload/b_white,c_limit,dpr_auto,f_auto,q_auto:low,w_auto/d_ecommerce:backend-fallback.png/MAT_4004834_PCE_LV",Maizes produkti,9.39
Torte Ozoliņš Ringla šokolādes 1kg,356.4,21.3,5.5,36,26.8,5.6,0.1,10.99,"https://rimibaltic-res.cloudinary.com/image/upload/b_white,c_limit,dpr_auto,f_auto,q_auto:low,w_auto/d_ecommerce:backend-fallback.png/MAT_217961_PCE_LV",Maizes produkti,10.99
Cielaviņa 1kg ar lazdu riekstiem,481.1,30,11,47,41,6.1,0,19.99,"https://rimibaltic-res.cloudinary.com/image/upload/b_white,c_limit,dpr_auto,f_auto,q_auto:low,w_auto/d_ecommerce:backend-fallback.png/MAT_276968_PCE_LV",Maizes produkti,19.99
Kūciņu izlase 400g,291.1,9.6,6.1,46.7,43.1,4.5,0.2,24.97,"https://rimibaltic-res.cloudinary.com/image/upload/b_white,c_limit,dpr_auto,f_auto,q_auto:low,w_auto/d_ecommerce:backend-fallback.png/MAT_940890_PCE_LV",Maizes produkti,9.99
Torte Rīgas Melnā Balzama Upeņu 700g,227.1,8.9,6.8,32,25,4.1,0.2,21.13,"https://rimibaltic-res.cloudinary.com/image/upload/b_white,c_limit,dpr_auto,f_auto,q_auto:low,w_auto/d_ecommerce:backend-fallback.png/MAT_951071_PCE_LV",Maizes produkti,14.79
Kekss Dabas maize sukāžu 600g,264.6,10.2,2.8,40.1,18.2,2.7,6.9,9.98,"https://rimibaltic-res.cloudinary.com/image/upload/b_white,c_limit,dpr_auto,f_auto,q_auto:low,w_auto/d_ecommerce:backend-fallback.png/MAT_957623_PCE_LV",Maizes produkti,5.99
Sausmaizītes Better ar jūras sāli 170g,525.6,31,4,45,2.5,17,1.2,17.59,"https://rimibaltic-res.cloudinary.com/image/upload/b_white,c_limit,dpr_auto,f_auto,q_auto:low,w_auto/d_ecommerce:backend-fallback.png/MAT_1002515_PCE_LV",Maizes produkti,2.99
Sausiņi rozīņu maizes 300g,323.1,7.1,1.8,66,12.6,7.2,1.4,14.33,"https://rimibaltic-res.cloudinary.com/image/upload/b_white,c_limit,dpr_auto,f_auto,q_auto:low,w_auto/d_ecommerce:backend-fallback.png/MAT_944796_PCE_LV",Maizes produkti,4.3
Grauzdiņi Mario diļļu 180g,439.3,19.2,1.2,56.8,2.2,7.6,1.4,9.94,"https://rimibaltic-res.cloudinary.com/image/upload/b_white,c_limit,dpr_auto,f_auto,q_auto:low,w_auto/d_ecommerce:backend-fallback.png/MAT_4003532_PCE_LV",Maizes produkti,1.79
Maize Dona ar speķi 300g,345.4,9.5,2.6,52,5,8,1.5,6.63,"https://rimibaltic-res.cloudinary.com/image/upload/b_white,c_limit,dpr_auto,f_auto,q_auto:low,w_auto/d_ecommerce:backend-fallback.png/MAT_4004536_PCE_LV",Maizes produkti,1.99
Biezpiena torte ar upenēm 700g,291.6,11.4,6.2,37.3,31.2,9.5,0.1,12.84,"https://rimibaltic-res.cloudinary.com/image/upload/b_white,c_limit,dpr_auto,f_auto,q_auto:low,w_auto/d_ecommerce:backend-fallback.png/MAT_4005639_PCE_LV",Maizes produkti,8.99
Inese torte Šokolādes 450g,124.0,5,3,18,13,3,0,15.53,"https://rimibaltic-res.cloudinary.com/image/upload/b_white,c_limit,dpr_auto,f_auto,q_auto:low,w_auto/d_ecommerce:backend-fallback.png/MAT_213598_PCE_LV",Maizes produkti,6.99
Torte Pellija Ruma 1kg,294.0,13.5,0,39,0,3.7,0,14.99,"https://rimibaltic-res.cloudinary.com/image/upload/b_white,c_limit,dpr_auto,f_auto,q_auto:low,w_auto/d_ecommerce:backend-fallback.png/MAT_274870_PCE_LV",Maizes produkti,14.99
Torte Paula ar iebiezināto pienu 1kg,342.0,22,4.3,32,24.1,4.1,0.1,10.99,"https://rimibaltic-res.cloudinary.com/image/upload/b_white,c_limit,dpr_auto,f_auto,q_auto:low,w_auto/d_ecommerce:backend-fallback.png/MAT_282371_PCE_LV",Maizes produkti,10.99
Ķiploku grauzdiņi 130g,289.0,7.8,0.5,46.8,0.5,6.2,2.1,23.0,"https://rimibaltic-res.cloudinary.com/image/upload/b_white,c_limit,dpr_auto,f_auto,q_auto:low,w_auto/d_ecommerce:backend-fallback.png/MAT_968464_PCE_LV",Maizes produkti,2.99
Sausmaizītes Better tomātu un čili 170g,479.9,29,4,36,6,13,0,17.59,"https://rimibaltic-res.cloudinary.com/image/upload/b_white,c_limit,dpr_auto,f_auto,q_auto:low,w_auto/d_ecommerce:backend-fallback.png/MAT_979143_PCE_LV",Maizes produkti,2.99
Kūka meža ogu 650g,287.0,20,14,23,17,4,0.1,18.45,"https://rimibaltic-res.cloudinary.com/image/upload/b_white,c_limit,dpr_auto,f_auto,q_auto:low,w_auto/d_ecommerce:backend-fallback.png/MAT_987358_PCE_LV",Maizes produkti,11.99
"Rulete Rulē ķiršu, šokolādes 300g",365.2,13,8.5,54,39,6.1,0.6,18.3,"https://rimibaltic-res.cloudinary.com/image/upload/b_white,c_limit,dpr_auto,f_auto,q_auto:low,w_auto/d_ecommerce:backend-fallback.png/MAT_988149_PCE_LV",Maizes produkti,5.49
Barankas Latvijas Maiznieks ar citrona garšu 280g,365.2,6.7,1.2,66.4,8.9,9,0.6,8.18,"https://rimibaltic-res.cloudinary.com/image/upload/b_white,c_limit,dpr_auto,f_auto,q_auto:low,w_auto/d_ecommerce:backend-fallback.png/MAT_996304_PCE_LV",Maizes produkti,2.29
Kūciņu izlase Šokolādes satikšanās Liepkalni 500g,473.7,27.1,12.3,49.9,38.4,7.8,0.5,21.58,"https://rimibaltic-res.cloudinary.com/image/upload/b_white,c_limit,dpr_auto,f_auto,q_auto:low,w_auto/d_ecommerce:backend-fallback.png/MAT_4001163_PCE_LV",Maizes produkti,10.79
Sausmaizītes Finn Crisp oriģinālās 400g,338.7,2.6,0.3,59,1.6,10,1.6,9.72,"https://rimibaltic-res.cloudinary.com/image/upload/b_white,c_limit,dpr_auto,f_auto,q_auto:low,w_auto/d_ecommerce:backend-fallback.png/MAT_104951_PCE_LV",Maizes produkti,3.89
Sausbaranciņas Latvijas Maiznieks ar vaniļas garšu 250g,397.0,6.9,2.8,69.8,10.5,10.7,0.9,8.6,"https://rimibaltic-res.cloudinary.com/image/upload/b_white,c_limit,dpr_auto,f_auto,q_auto:low,w_auto/d_ecommerce:backend-fallback.png/MAT_996286_PCE_LV",Maizes produkti,2.15
Torte Latvijas Maiznieks ķiršu šokolādes 600g,266.0,10.1,8,39.1,27.5,4.5,0.5,13.32,"https://rimibaltic-res.cloudinary.com/image/upload/b_white,c_limit,dpr_auto,f_auto,q_auto:low,w_auto/d_ecommerce:backend-fallback.png/MAT_4001615_PCE_LV",Maizes produkti,7.99
